1 -0.021162 0.059530 -0.039662
1 -0.057745 0.083098 -0.094952
1 0.095993 0.028798 0.065996
1 0.000000 0.047124 0.171268
1 0.036073 0.043633 -0.181721
1 0.004091 0.171042 -0.009009
1 0.034871 -0.006981 0.077530
1 -0.027925 0.064577 0.183285
1 -0.200981 0.096750 -0.033657
1 0.127409 0.017453 0.138530
1 0.005282 0.270526 0.043451
1 0.166094 0.125847 0.058592
1 -0.194974 0.097738 0.145126
1 -0.045379 0.043633 -0.031309
1 -0.157080 -0.031416 0.153307
1 0.358359 0.069813 0.017005
1 -0.193732 -0.066323 -0.025968
1 -0.144862 -0.001745 0.062589
1 0.116937 0.129154 -0.304920
1 0.009280 0.204204 -0.063831
1 0.373500 0.020944 0.139925
1 -0.003598 0.205949 0.016338
1 0.282743 -0.054443 -0.084081
1 -0.116937 -0.064577 -0.134023
1 -0.008727 0.020944 0.005747
1 0.518966 0.004364 0.078172
1 -0.025801 -0.251327 0.018646
1 -0.075049 0.040143 0.000000
1 -0.063355 0.146608 -0.084782
1 -0.235396 0.052360 -0.015673
1 -0.373500 0.000000 -0.308336
1 0.025590 0.055850 -0.074945
1 0.125259 0.019199 -0.083141
1 0.197512 0.038270 -0.064549
1 0.024012 0.102566 -0.035882
1 -0.331613 0.087266 -0.033189
1 0.099699 0.129208 -0.019983
1 0.000000 0.064577 -0.059532
1 0.510543 -0.059077 -0.133271
1 -0.641409 -0.455531 0.232842
1 -0.642182 -0.165774 0.225490
1 0.139626 0.597201 0.005076
1 -0.089253 0.074693 0.019827
1 0.124623 0.087266 -0.085186
1 -0.249582 0.172788 0.141647
1 -0.095993 -0.067091 -0.131275
1 -0.392699 -0.045379 0.084260
1 -0.235693 0.066323 -0.090660
1 -0.064959 0.047541 -0.104197
1 -0.166129 0.008727 -0.022418
1 -0.139626 0.074221 0.099669
1 0.224274 0.019199 -0.070147
1 0.163725 0.799361 0.011940
1 -0.191986 0.000000 -0.042303
1 0.098951 0.009343 0.178895
1 -0.092502 0.300197 -0.124054
1 0.182314 0.006981 0.122051
1 -0.287979 0.000000 -0.076772
1 0.257897 -0.075049 -0.212101
1 -0.396190 -0.132473 -0.163113
1 -0.104720 -0.008727 -0.142353
1 0.183088 0.142103 0.066568
1 -0.003033 0.127409 0.023876
1 -0.162316 0.001745 -0.111744
1 0.002081 0.066866 -0.245698
1 -0.071149 -0.029671 0.086852
1 0.045761 0.074933 -0.092698
1 0.261981 -0.005236 0.106838
1 -0.297877 -0.059341 -0.248113
1 0.149725 0.082031 0.138104
1 0.065850 -0.001745 -0.272369
1 -0.219664 -0.234265 -0.052294
1 0.034907 -0.005236 0.231091
1 0.278895 -0.111701 -0.126592
1 -0.014326 0.075388 0.077674
1 0.287979 0.017453 -0.046478
1 -0.132645 0.002313 0.044613
1 0.139626 0.186750 0.015289
1 -0.104156 0.038397 -0.189147
1 0.068068 0.012217 -0.020132
1 -0.032963 -0.094247 -0.070087
1 -0.588176 -0.073304 -0.219566
1 -0.466305 -0.013963 -0.320414
1 -0.139626 0.010472 -0.053752
1 -0.370942 0.253956 -0.147312
1 0.518406 0.007833 0.000000
1 -0.544543 0.122173 -0.274841
1 0.001927 0.122173 0.029512
1 -0.027420 0.268781 -0.068574
1 0.109101 0.077332 0.025194
1 0.004683 0.063481 -0.066460
1 0.167552 -0.040143 -0.063033
1 0.085521 0.121300 0.067879
1 -0.010472 0.036652 0.078642
1 -0.237365 0.036652 -0.072736
1 0.220833 0.102974 0.044085
1 -0.027757 0.173803 -0.023862
1 -0.034530 0.024435 0.091846
1 0.112066 0.010679 0.071445
1 -0.031653 0.155334 -0.049068
1 -0.233874 0.020944 0.000000
1 0.523599 -0.091584 0.172717
1 -0.364774 -0.059300 0.014150
1 0.065425 0.062832 0.000000
1 0.210735 -0.101229 -0.089350
1 -0.045379 -0.097738 -0.075094
1 -0.140255 -0.308923 0.160966
1 0.118682 0.082031 0.091501
1 -0.010472 0.225147 0.104504
1 -0.018614 0.058277 -0.002976
1 0.331371 0.031416 0.146189
1 0.010472 0.075049 0.027321
1 0.160570 0.000000 0.032570
1 -0.091866 -0.036652 -0.004082
1 0.446804 -0.274017 -0.029931
1 -0.221657 0.144862 0.012919
1 -0.247837 0.017453 0.064924
1 0.002331 0.107402 0.027911
1 -0.191986 0.086116 -0.088266
1 -0.031416 -0.027925 -0.043953
1 -0.190489 -0.185005 0.331820
1 -0.034907 0.036652 -0.307180
1 -0.617672 -0.252491 0.097288
1 -0.073326 -0.055850 0.042320
1 -0.049154 0.027925 -0.032334
1 0.343305 -0.027925 -0.290818
1 -0.017453 -0.024435 0.007874
1 0.366627 -0.001745 0.152134
1 0.010472 0.181514 0.042144
1 0.150098 -0.029197 0.071275
1 0.024476 -0.574293 -0.202265
1 -0.609120 -0.036652 -0.053090
1 -0.045641 0.136136 -0.018039
1 -0.421886 -0.008727 -0.098011
1 -0.087445 0.296706 -0.095419
1 0.062009 0.070919 -0.029169
1 -0.280998 0.059341 -0.215486
1 0.306974 0.364774 0.228925
1 -0.031416 0.151844 -0.100557
1 -0.056958 0.074623 -0.168490
1 -0.139626 0.005946 0.126961
1 0.000555 0.102603 -0.071158
1 -0.027925 0.113446 -0.031467
1 0.111059 -0.156044 0.115982
1 -0.411898 -0.026180 -0.166011
1 0.075049 -0.130900 0.113962
1 -0.331613 -0.274017 0.241681
1 -0.251327 0.007834 0.084902
1 -0.183260 0.120428 -0.115709
1 -0.150098 0.034168 -0.141233
1 -0.054956 0.100140 -0.081848
1 -0.390954 -0.047124 -0.165541
1 -0.181592 0.129154 -0.036129
1 -0.597367 -0.020769 0.041073
1 -0.235619 -0.012217 -0.137678
1 0.035967 0.223402 -0.024611
1 0.219911 0.008727 0.204185
1 0.444255 0.001745 0.132551
1 -0.126386 -0.017006 0.004548
1 0.165806 -0.085521 -0.051872
1 -0.004419 0.204204 0.071308
1 -0.459022 -0.148353 0.029024
1 0.111701 0.012217 0.019605
1 0.202458 0.060024 0.131315
1 -0.082692 0.256560 -0.252786
1 0.157302 0.125664 -0.021841
1 0.319872 -0.038397 0.084782
1 0.016863 0.108210 -0.080543
1 0.017453 0.050614 -0.029256
1 0.503841 0.020944 -0.154997
1 -0.031416 0.111701 -0.115689
1 -0.006981 0.054105 -0.113096
1 0.165970 -0.122173 -0.057459
1 0.125791 0.057596 0.045302
1 -0.039087 0.141372 0.132711
1 -0.256857 0.130900 -0.025231
1 -0.209498 0.299592 0.188962
1 -0.069695 0.074510 0.039820
1 -0.375246 -0.067271 0.022531
1 0.310669 0.190241 0.246138
1 -0.041888 0.087266 -0.125624
1 -0.099916 0.066845 0.061810
1 0.043724 0.539258 0.086560
1 -0.010472 0.109629 -0.018604
1 -0.244346 0.160570 -0.181320
1 -0.033126 -0.477269 0.051783
1 0.012039 -0.405837 0.079378
1 0.147853 0.032984 0.023346
1 -0.069649 0.049407 0.105182
1 -0.083776 0.008727 -0.197396
1 -0.331613 0.013963 0.079408
1 -0.157933 0.057596 -0.007633
1 -0.088954 0.041611 0.038591
1 0.501596 -0.002618 -0.100421
1 -0.082603 -0.019199 -0.045302
1 -0.234702 0.008727 -0.041642
1 0.033017 -0.040143 -0.219544
1 0.216421 0.195477 0.014880
1 -0.637046 0.113904 0.130543
1 -0.267035 -0.005236 0.149299
1 -0.143548 0.137881 -0.003106
1 0.052360 0.000000 0.085307
1 -0.665674 -0.024435 -0.112165
1 -0.060943 0.080285 -0.037783
1 -0.594449 -0.114673 -0.210183
1 -0.070530 0.038299 0.023252
1 -0.237365 0.000000 -0.163687
1 0.081854 0.577704 -0.294414
1 -0.011664 0.089668 -0.162003
1 0.010611 0.041888 0.164816
1 -0.502655 -0.009563 0.035645
1 -0.078128 0.105593 0.001370
1 -0.031416 0.080285 -0.018180
1 0.470264 -0.038397 0.044959
1 0.068848 0.008727 0.204877
1 -0.204024 0.000000 -0.005465
1 -0.425860 -0.054105 0.012499
1 0.544603 -0.045379 -0.055793
1 0.007377 0.052360 -0.214316
1 -0.222386 0.012217 -0.223486
1 0.031416 0.232129 0.005509
1 -0.079706 0.131766 -0.037812
1 -0.063480 0.027925 0.134864
1 0.356185 -0.059341 -0.148998
1 -0.218166 -0.013963 -0.106451
1 -0.714467 0.067650 0.064909
1 0.031416 -0.052360 -0.040471
1 0.476098 -0.136136 0.140546
1 -0.283982 -0.205949 -0.182471
1 -0.075049 0.025392 0.026006
1 -0.101229 0.036652 0.055661
1 -0.006893 -0.050264 -0.046421
1 -0.034408 0.054105 0.078597
1 0.221657 0.083776 -0.053752
1 -0.052170 0.089939 0.029403
1 -0.039900 0.055851 0.038941
1 -0.207694 0.160570 -0.025073
1 -0.050190 0.172112 -0.025472
1 0.202458 0.010472 -0.059336
1 0.153589 -0.052360 0.008241
1 -0.033498 0.019199 0.196219
1 0.191921 0.073304 -0.004747
1 0.157080 0.076795 0.157267
1 0.373500 0.006839 0.264737
1 -0.214842 -0.085521 -0.265207
1 0.096865 0.038193 -0.133582
1 -0.018216 0.219911 -0.008772
1 -0.054105 0.068305 0.021602
1 0.303320 -0.012217 -0.176137
1 -0.181956 -0.055850 -0.082224
1 0.139083 -0.001312 -0.216429
1 -0.017351 0.059967 -0.048506
1 -0.265290 0.033161 -0.086617
1 -0.023072 0.116937 -0.046121
1 -0.017414 0.069813 0.028217
1 0.132241 0.207285 -0.082328
1 -0.040143 0.055850 -0.017671
1 -0.088855 0.047124 -0.049191
1 -0.190241 0.019199 0.157690
1 -0.075049 0.022689 -0.116934
1 -0.031416 0.047124 -0.163095
1 -0.107456 -0.102974 -0.326124
1 -0.287979 -0.021138 0.080471
1 -0.476475 0.105388 -0.087229
1 -0.392099 -0.019214 -0.253927
1 0.092827 0.221372 -0.128009
1 0.010472 0.083776 -0.166267
1 0.351136 -0.172788 0.124355
1 -0.056285 0.089012 0.000000
1 0.092067 -0.054044 0.025399
1 -0.298451 0.057596 -0.148557
1 0.152218 -0.018326 0.120565
1 0.352557 -0.162316 0.285513
1 -0.113639 0.143117 0.095810
1 0.031416 -0.178721 -0.015383
1 -0.082031 0.012217 0.002924
1 -0.095993 0.321141 0.156153
1 -0.062832 0.019199 0.068595
1 0.331613 0.052360 -0.032977
1 -0.174137 0.082089 0.093835
1 -0.755728 -0.073304 0.089314
1 0.179773 0.133276 0.030448
1 -0.095993 0.148353 0.000000
1 -0.057596 0.039990 0.061955
1 -0.123918 -0.095993 0.019311
1 -0.034558 0.314159 0.165959
1 0.104801 -0.008727 -0.181965
1 -0.136438 0.108210 0.015583
1 0.160570 0.167552 -0.176642
1 0.159697 0.068945 -0.095625
1 -0.033612 -0.038427 0.206072
1 -0.032211 -0.055850 -0.061973
1 0.010472 0.298451 -0.116430
1 0.015343 0.013963 0.053171
1 -0.352557 0.099484 -0.223754
1 0.316635 -0.096990 0.274910
1 0.396190 -0.099484 0.100525
1 -0.139674 0.121999 0.174672
1 -0.306064 0.029671 -0.007353
1 -0.078167 0.045379 0.157610
1 -0.195477 -0.008727 0.013440
1 0.097739 0.107338 -0.181390
1 -0.080680 0.095993 -0.280436
1 -0.467748 0.151844 0.000000
1 0.373721 0.002948 -0.097900
1 0.478220 -0.011063 0.075877
1 -0.095993 0.122173 -0.046478
1 0.116937 0.000000 -0.315970
1 -0.100577 0.022689 -0.121433
1 -0.048780 0.024435 -0.163681
1 0.081774 -0.047124 -0.102034
1 -0.245423 0.017453 0.047894
1 0.001745 -0.012217 0.054192
1 -0.246091 -0.130900 0.172379
1 0.217562 0.073303 0.117782
1 0.032641 0.036652 0.000000
1 -0.280998 -0.118682 0.064616
1 -0.287979 0.033161 -0.236627
1 0.128137 -0.055850 -0.052100
1 -0.371195 0.106465 -0.310515
1 -0.180231 0.036652 -0.098439
1 -0.075049 0.062832 0.040068
1 0.226263 -0.097738 -0.121163
1 0.003895 0.128280 -0.021139
1 -0.054105 0.101229 -0.090660
1 0.123918 -0.006981 -0.027617
1 0.139626 0.035861 -0.044775
1 -0.242338 0.100357 -0.211086
1 -0.253073 -0.106465 -0.010230
1 0.007428 0.036652 0.037106
1 -0.036652 0.031416 -0.026839
1 0.275762 0.015708 0.106532
1 0.290764 0.034907 0.051357
1 -0.092503 -0.006981 0.047868
1 -0.051835 0.404916 0.030603
1 -0.059118 0.090310 0.104100
1 -0.555015 0.001745 0.073851
1 -0.225147 0.045379 0.063969
1 0.145321 0.162316 0.009934
1 0.132645 0.068068 -0.024580
1 -0.087273 -0.122173 -0.149224
1 0.075049 -0.073304 0.237207
1 0.208252 -0.045379 -0.066999
1 0.202890 0.242601 0.168989
1 -0.043963 0.017453 0.139039
1 -0.133353 -0.015589 -0.152454
1 -0.139626 -0.111701 0.092388
1 0.114319 0.084649 -0.277483
1 0.160570 -0.071558 0.129207
1 0.124339 0.053233 -0.006410
1 -0.032010 0.070685 0.191018
1 0.031416 0.111701 -0.168478
1 -0.063235 0.116937 -0.077937
1 -0.467748 -0.024435 -0.121285
1 0.082903 0.066864 0.324364
1 0.102974 0.005236 0.071856
1 -0.034883 -0.075049 -0.069979
1 0.256563 0.012217 -0.102254
1 -0.074872 0.054105 0.009404
1 -0.043849 0.186227 0.132755
1 -0.373500 0.111701 0.040271
1 0.087266 0.010472 0.042467
1 -0.359538 -0.005236 -0.114712
1 0.200242 0.027925 0.068001
1 -0.002709 0.096699 -0.105447
1 -0.092246 0.063379 -0.195761
1 -0.026919 -0.111701 0.004474
1 -0.175772 0.056607 -0.060532
1 -0.183650 0.000000 -0.101526
1 0.482972 -0.120428 0.061610
1 0.095993 0.062832 -0.045682
1 0.164061 0.062832 0.152439
1 0.116937 0.052360 0.138572
1 -0.148012 -0.172788 -0.023051
1 0.113253 -0.027053 0.077545
1 0.032071 -0.045379 -0.035518
1 -0.382227 -0.019199 -0.003334
1 -0.222467 0.113446 -0.117566
1 0.118742 0.157080 0.145229
1 -0.091229 0.122211 -0.110432
1 -0.120889 0.127409 -0.090242
1 0.296222 0.143920 0.207073
1 -0.209440 -0.095993 -0.028838
1 -0.007370 0.052360 -0.063451
1 -0.057210 0.045379 -0.020529
1 -0.225147 -0.079366 0.101076
1 0.430731 -0.050614 0.044707
1 0.020944 0.050614 0.138941
1 -0.331613 0.308923 -0.277720
1 -0.057779 0.225960 0.069471
1 0.123985 0.029671 0.000000
1 0.150098 0.005236 0.057895
1 -0.025311 -0.226893 -0.101979
1 -0.083555 0.140692 -0.043569
1 0.267035 0.099484 0.337253
1 -0.122173 0.074392 -0.026803
1 -0.193337 0.227399 0.244207
1 0.085521 0.063704 -0.033511
1 -0.119756 0.083221 0.021228
1 -0.137176 0.057596 0.139321
1 0.064797 0.050614 0.015944
1 -0.439823 -0.036652 0.228497
1 -0.236825 -0.155334 -0.030223
1 -0.077587 0.157080 -0.229018
1 -0.016359 -0.019199 -0.276471
1 -0.094248 0.057596 -0.034640
1 -0.089570 -0.022444 0.057827
1 -0.105589 0.082002 0.118534
1 -0.020083 0.067846 0.186184
1 0.282743 0.108210 0.005714
1 -0.682320 0.228638 -0.288587
1 -0.162531 0.117874 -0.164189
1 -0.125663 -0.033743 -0.098388
1 0.090552 -0.196728 -0.065393
1 0.031416 0.038397 0.019415
1 -0.143320 0.251327 -0.074945
1 0.127033 0.186750 -0.143214
1 -0.401426 -0.073304 -0.069551
1 0.132693 0.086852 0.000000
1 0.225147 0.095993 0.027643
1 0.366563 -0.008727 0.208931
1 -0.055458 -0.124493 0.140102
1 0.022569 0.195477 0.133975
1 -0.225147 -0.141372 -0.039767
1 -0.191597 0.057596 -0.084619
1 -0.075049 -0.134390 -0.101750
1 -0.075049 0.273804 -0.056765
1 -0.240949 0.054105 -0.103027
1 0.502655 0.216421 0.242920
1 -0.565487 0.108822 -0.005000
1 -0.027983 0.113807 0.179140
1 0.001393 -0.315378 0.246870
1 -0.008566 -0.023594 -0.085294
1 0.619121 0.080285 0.201230
1 -0.002300 0.190241 -0.019691
1 -0.043659 -0.350820 -0.014084
1 -0.181514 0.073304 -0.083141
1 -0.111701 0.218166 0.346082
1 -0.042760 0.097739 -0.271157
1 -0.410394 0.115698 -0.002288
1 0.459189 0.139626 0.066568
1 -0.092503 0.006981 0.127439
1 -0.074177 -0.083776 0.046205
1 -0.265794 -0.172788 0.026940
1 0.041364 -0.006981 0.176488
1 -0.026405 0.102974 0.132765
1 -0.374374 -0.066323 -0.115630
1 0.169297 -0.033161 0.002890
1 0.129040 0.010472 0.145158
1 0.171585 0.186750 0.068594
1 -0.029671 0.048647 0.026700
1 -0.063333 0.190241 -0.122591
1 -0.017453 0.031416 -0.289181
1 -0.459894 -0.325504 -0.160766
1 -0.176575 -0.348006 -0.310459
1 -0.160570 0.019199 -0.069568
1 -0.031416 0.200713 -0.106052
1 0.199971 -0.262293 0.050547
1 -0.352557 -0.181514 -0.059230
1 0.272131 0.139626 0.030854
1 0.322622 -0.093775 0.027024
1 0.123997 0.075681 0.013856
1 -0.081782 0.020071 0.066368
1 -0.046169 -0.039521 -0.079509
1 -0.054105 0.040143 0.000000
1 0.158825 0.010472 -0.056418
1 0.034372 0.019199 -0.034155
1 -0.052320 -0.038397 -0.127654
1 -0.181514 0.282881 -0.071761
1 0.010472 0.080285 0.013028
1 -0.274204 0.162316 0.038337
1 -0.079706 0.131766 -0.037812
1 -0.312249 0.059674 -0.133038
1 0.106465 0.020944 0.314865
1 -0.226892 0.041015 0.138527
1 0.011078 0.136136 0.004545
1 -0.139626 0.043633 -0.100892
1 0.037472 0.314327 0.058554
1 -0.053651 -0.018985 -0.044292
1 -0.089012 -0.085521 -0.159621
1 -0.005620 -0.001745 0.066898
1 -0.480839 0.064577 -0.295530
1 0.048869 0.075049 0.214186
1 -0.164586 -0.003425 -0.095641
1 0.055231 0.162316 0.172262
1 0.141594 0.178024 -0.313394
1 0.095993 0.244346 0.010256
1 0.144642 0.043696 0.087014
1 0.287979 -0.253073 0.040023
1 -0.132301 0.010472 0.052789
1 -0.220028 -0.140023 0.004842
1 0.120253 0.116231 0.223749
1 -0.331613 -0.080285 -0.132189
1 -0.049988 0.117517 -0.069707
1 -0.194588 0.025716 -0.260777
1 -0.073304 0.059341 -0.123321
1 0.005236 0.015527 -0.061777
1 -0.161262 0.118031 0.097842
1 -0.161067 0.123534 -0.006431
1 0.096800 0.189121 0.068058
1 -0.296639 -0.146608 0.295545
1 0.469156 -0.052360 0.129150
1 -0.021102 -0.040143 -0.051719
1 0.006981 -0.018867 -0.034462
1 0.187081 -0.050614 -0.070306
1 -0.204204 -0.136136 -0.037405
1 0.115108 -0.388952 0.027950
1 -0.236330 -0.472984 0.316972
1 -0.267035 0.096865 -0.091751
1 -0.042746 0.061087 -0.178211
1 -0.151844 -0.005974 0.008242
1 -0.139626 0.095993 -0.078597
1 -0.129154 0.069813 0.044089
1 -0.509879 -0.165370 0.144261
1 0.121172 0.205076 0.063717
1 -0.033295 -0.108210 -0.013362
1 0.116937 0.059341 -0.057332
1 -0.264155 -0.359093 0.016745
1 -0.202458 0.115496 0.078234
1 -0.233565 -0.076795 0.130982
1 -0.336245 0.000000 0.159647
1 -0.051580 0.001745 -0.155332
1 -0.178024 0.008727 -0.079926
1 -0.105370 0.040143 -0.030854
1 -0.096573 0.093994 0.080810
1 -0.018390 -0.176278 -0.026103
1 -0.181514 -0.017453 0.006896
1 0.139512 0.017489 0.242372
1 0.222071 -0.022689 0.055941
1 -0.022281 0.053568 -0.051857
1 0.160323 0.087266 0.039627
1 0.151844 -0.027925 0.184811
1 0.016160 0.034907 0.072554
1 -0.153720 0.050614 0.132782
1 -0.387463 0.006981 -0.250585
1 -0.176953 -0.033899 -0.115464
1 -0.123209 0.026180 -0.015479
1 0.120089 0.037525 0.098353
1 0.443671 -0.052658 0.265235
1 -0.024541 0.071558 -0.251918
1 -0.235619 -0.015708 -0.059394
1 0.040143 0.033161 -0.015014
1 0.373500 -0.130900 0.332968
1 -0.026114 0.060449 -0.060795
1 -0.032307 0.207694 -0.100577
1 -0.685137 -0.047124 0.060957
1 0.174502 -0.054105 0.203425
1 0.513188 -0.188496 -0.319518
1 0.433497 0.212930 0.023306
1 0.075049 -0.017453 0.138807
1 0.059746 0.054105 0.245798
1 0.169244 0.174533 0.345458
1 0.252696 -0.011666 -0.021187
1 -0.210946 0.107045 -0.225458
1 -0.076795 -0.010472 0.100192
1 0.267035 0.013963 0.106897
1 0.067195 0.118682 0.255132
1 0.050537 0.151844 -0.061977
1 -0.481711 -0.010472 0.084065
1 -0.074761 -0.007505 0.049628
1 -0.410152 -0.137881 -0.290872
1 -0.288783 -0.064577 -0.136139
1 0.218431 0.152987 -0.100255
1 -0.353606 0.041015 0.083389
1 -0.286234 -0.024435 -0.023995
1 -0.025120 0.012217 -0.166609
1 -0.031416 -0.076795 0.161191
1 -0.013963 0.066323 0.047187
1 -0.116937 0.099484 0.189615
1 0.208223 -0.059341 -0.195443
1 -0.027925 -0.017453 0.014285
1 0.183859 0.015708 -0.010554
1 0.105631 0.116119 0.067064
1 -0.079251 -0.022689 -0.049068
1 0.481711 -0.136136 -0.092001
1 -0.089750 -0.118682 -0.177772
1 0.325027 -0.082031 0.069779
1 0.459088 0.065449 -0.139650
1 0.103793 0.296706 0.057471
1 -0.141372 0.032579 0.050895
1 0.009094 0.265065 0.166299
1 0.020944 0.142244 -0.038690
1 -0.156953 0.064167 0.011204
1 -0.200713 0.139626 -0.217404
1 -0.082810 0.036651 0.060082
1 -0.127661 0.016205 0.104100
1 0.168578 0.019199 -0.063626
1 -0.396190 0.035447 0.000000
1 0.356684 -0.033161 0.161375
1 -0.181514 0.087266 0.173246
1 -0.054114 -0.019199 -0.043294
1 -0.042844 0.043633 -0.008989
1 -0.079468 -0.041888 0.322931
1 -0.129782 0.003577 -0.114477
1 -0.020944 0.015708 -0.062032
1 0.426751 -0.077377 -0.078711
1 0.284500 0.073368 -0.078429
1 0.369872 -0.012217 0.023494
1 0.032666 0.053192 0.000000
1 -0.040227 0.029671 0.131145
1 -0.269159 0.133880 -0.256479
1 -0.322013 0.007854 -0.062776
1 0.157371 -0.040143 0.076599
1 -0.130900 0.005236 -0.033183
1 -0.097738 0.116254 -0.165446
1 0.327496 -0.101764 -0.034628
1 0.212671 0.128734 0.025175
1 -0.095993 -0.008727 0.006097
1 -0.171335 0.212930 -0.094816
1 0.643013 -0.027925 -0.234185
1 -0.229731 0.179769 -0.170265
1 -0.057899 0.054426 0.096237
1 -0.496316 0.082031 -0.003077
1 -0.310669 -0.200713 -0.010101
1 -0.046542 0.154753 -0.042168
1 -0.097681 0.160570 -0.014457
1 -0.305433 -0.071558 -0.150636
1 -0.310669 -0.258957 -0.322715
1 0.156498 0.051196 0.100563
1 0.010472 0.029671 0.222510
1 -0.373500 -0.228638 0.150845
1 -0.035151 0.074632 0.016128
1 -0.068068 0.003491 -0.076023
1 0.475523 -0.013963 0.136403
1 0.385718 -0.179769 -0.240071
1 -0.612806 -0.059341 -0.136672
1 0.151539 -0.010472 0.168832
1 -0.010472 0.060895 0.026172
1 -0.120785 0.123918 0.000000
1 -0.253073 0.043498 -0.195783
1 -0.190240 0.081615 0.112029
1 -0.212325 -0.019199 0.038236
1 0.133917 0.200713 -0.033790
1 -0.474730 0.150098 -0.039792
1 0.529522 -0.059341 -0.061326
1 -0.352557 -0.143117 0.150057
1 -0.139626 0.308923 -0.005970
1 0.335204 0.345575 0.200819
1 0.054105 0.337266 0.037398
1 -0.267243 0.260054 -0.151138
1 0.225147 0.158825 0.151303
1 -0.481711 0.082031 -0.215038
1 -0.004587 0.041888 -0.210326
1 -0.028806 0.052360 0.061327
1 -0.069387 0.075049 -0.076075
1 0.130324 -0.260054 0.213345
1 0.054105 0.012217 0.181117
1 -0.054105 0.054105 -0.041397
1 -0.214676 0.019199 -0.329820
1 -0.321141 -0.068068 -0.085810
1 0.008206 0.173395 -0.013192
1 -0.246091 -0.040143 -0.107892
1 -0.054105 0.300528 0.046884
1 -0.056876 0.268781 0.030546
1 -0.417134 -0.148353 0.052768
1 -0.080198 -0.033161 0.123990
1 0.113447 0.032288 0.158309
1 0.044170 0.059721 -0.130311
1 -0.591667 0.000000 -0.038841
1 -0.241036 0.021777 -0.003971
1 0.148555 -0.022689 -0.201979
1 0.156952 0.113446 -0.004348
1 0.181514 0.033161 0.032852
1 -0.349066 -0.031416 -0.157965
1 -0.128275 -0.076795 0.340549
1 -0.010472 0.118682 -0.231091
1 -0.081330 0.082610 -0.203045
1 -0.812450 0.120428 -0.139226
1 -0.213729 0.030079 -0.037278
1 0.264971 0.272271 0.237675
1 0.161237 -0.130267 0.177875
1 0.037938 0.099484 -0.128911
1 0.025091 0.258348 -0.234984
1 -0.225147 0.154242 0.170719
1 0.047124 -0.005236 0.260803
1 -0.287979 0.029671 -0.051989
1 -0.142475 0.045379 -0.102007
1 -0.116937 0.218166 -0.041643
1 -0.139626 0.017453 0.064169
1 -0.062832 -0.015708 -0.096241
1 -0.108210 0.019199 0.018016
1 -0.010472 0.186750 0.000000
1 -0.354673 -0.043633 0.188487
1 -0.006981 0.050614 -0.010958
1 0.198385 0.155334 0.000000
1 0.054105 0.101229 0.130992
1 0.385717 -0.204204 0.246483
1 0.259340 0.025500 -0.207512
1 0.081932 0.073304 0.110300
1 0.251327 0.101229 0.058413
1 0.071558 0.034907 0.138572
1 0.015219 0.148353 0.012820
1 -0.685878 0.024435 -0.165608
1 -0.157080 0.039099 0.079982
1 0.122173 0.027925 -0.071307
1 0.261349 -0.178024 -0.030631
1 -0.303531 0.082903 -0.346278
1 0.260054 0.129154 -0.022723
1 -0.100522 0.149645 -0.179853
1 -0.282859 0.008727 -0.166267
1 0.139626 -0.008727 -0.160916
1 -0.284668 0.003222 -0.271545
1 -0.204204 0.031416 0.011494
1 0.095993 -0.022287 0.137128
1 0.133520 0.071558 0.036347
1 -0.160570 -0.078540 -0.329003
1 -0.148353 -0.025502 -0.097900
1 0.116937 0.087266 -0.082955
1 0.185005 0.083776 -0.333557
1 -0.054105 0.047124 -0.043640
1 -0.191987 0.174533 -0.018777
1 -0.307316 -0.001875 -0.146731
1 -0.095993 -0.045379 -0.094296
1 -0.056378 0.041888 -0.065659
1 -0.145760 0.026401 -0.079014
1 -0.181514 0.368264 0.012383
1 0.202458 -0.261799 -0.118772
1 0.202458 -0.027925 -0.021444
1 0.027925 0.000000 0.082105
1 0.573060 -0.130900 0.000000
1 0.263720 -0.026180 0.206640
1 -0.038397 0.029671 -0.008928
1 -0.081545 0.050614 -0.097860
1 -0.078540 0.017453 -0.073487
1 -0.273176 -0.217565 0.024477
1 -0.371522 -0.207266 -0.064427
1 -0.197222 0.034907 -0.075412
1 0.095806 0.049742 0.114603
1 0.092072 -0.080285 0.141897
1 -0.019928 0.354517 -0.079502
1 -0.202458 -0.038928 -0.029980
1 0.036602 0.031416 -0.084168
1 0.348911 0.073304 -0.010204
1 -0.224274 0.073303 -0.071112
1 0.045828 0.036701 0.080561
1 0.181514 0.040143 0.047464
1 0.079143 0.012106 -0.134945
1 -0.055304 0.048869 -0.021145
1 -0.188496 0.006981 0.052774
1 0.008107 -0.040142 0.058633
1 0.444801 -0.004907 0.034261
1 -0.043928 0.083776 -0.067465
1 -0.020944 0.028061 -0.090862
1 -0.246091 0.055850 0.052281
1 -0.116937 -0.207694 -0.247176
1 0.167647 0.010472 -0.067063
1 -0.002646 -0.006981 -0.047846
1 0.157823 -0.151844 0.127928
1 -0.031416 -0.003491 -0.088874
1 -0.330740 0.019563 -0.295956
1 -0.211184 0.056723 -0.055454
1 -0.039561 0.020362 -0.031870
1 0.495254 -0.022689 0.043874
1 0.609120 -0.097890 0.165600
1 -0.246050 0.396923 0.004819
1 -0.086000 -0.068068 -0.075544
1 0.054105 0.050614 0.043499
1 -0.185836 0.130900 0.107299
1 -0.032304 -0.179769 0.006867
1 0.054105 0.057596 -0.003831
1 -0.181514 -0.121301 -0.223527
1 0.072708 0.069813 -0.100037
1 0.354140 0.240855 0.149210
1 0.202458 0.116937 0.092756
1 0.290795 -0.034952 -0.284687
1 0.139626 0.027925 -0.048930
1 0.151206 0.094248 -0.040102
1 0.139626 0.075049 0.087896
1 0.142894 0.132645 -0.175715
1 0.003444 0.066323 0.023692
1 0.740438 -0.239110 -0.151882
1 -0.095993 0.012217 0.062419
1 0.027824 -0.073304 0.000000
1 -0.143117 0.106465 -0.193840
1 -0.219002 0.259181 0.175706
1 0.029145 -0.050614 -0.177745
1 0.187336 0.097775 0.110988
1 -0.331613 0.031416 0.062421
1 0.027269 0.062832 -0.041003
1 0.284489 -0.006981 -0.074811
1 0.005882 -0.090757 -0.064763
1 -0.032208 0.080285 0.024385
1 0.188919 -0.038397 0.141595
1 -0.070059 -0.012217 -0.294321
1 -0.565487 0.146608 -0.035699
1 0.069831 0.064577 -0.281479
1 -0.243161 -0.001746 -0.003056
1 -0.438142 -0.099157 -0.231440
1 -0.514872 0.120427 -0.271420
1 0.221657 0.045379 0.134264
1 0.287979 -0.043633 0.128519
1 0.009701 0.070579 0.003945
1 -0.021243 0.167552 -0.135012
1 -0.364774 0.080285 -0.005587
1 -0.066323 0.092503 -0.085088
1 0.169297 0.027925 0.042831
1 0.054105 -0.129154 0.133753
1 -0.115779 0.059341 0.000000
1 -0.303421 0.027925 -0.060532
1 0.140585 0.309772 0.011976
1 -0.095993 0.043633 -0.228533
1 -0.010472 0.118682 0.062404
1 -0.320267 0.279253 -0.203064
1 -0.352557 0.113446 -0.137770
1 -0.214854 0.194574 -0.078093
1 -0.459022 -0.258309 -0.077287
1 -0.026894 -0.019817 0.154072
1 -0.139626 -0.097738 -0.120298
1 0.382652 0.158825 0.097301
1 -0.075049 0.055850 -0.064015
1 -0.212001 -0.271673 -0.186106
1 -0.212646 0.019199 0.044707
1 -0.261799 0.013963 -0.043786
1 0.533489 -0.026180 0.061810
1 -0.160570 0.041888 -0.278667
1 0.291566 0.361283 0.275713
1 0.031416 0.012217 0.048930
1 0.050737 0.106465 0.207655
1 0.198503 0.027925 0.064255
1 -0.271689 0.178024 0.301449
1 0.392419 0.006981 0.189370
1 -0.020944 0.017453 -0.266511
1 -0.422370 -0.036652 0.149224
1 0.246091 0.092503 -0.124355
1 -0.177090 0.061083 -0.138925
1 -0.165788 -0.085521 0.151081
1 -0.003866 0.029939 -0.250869
1 0.099423 -0.315905 0.003057
1 -0.139626 0.023741 -0.037676
1 -0.139626 -0.101229 -0.082064
1 -0.140797 -0.075049 -0.268784
1 0.331613 0.115192 -0.016285
1 -0.109271 0.082031 -0.119666
1 -0.075049 0.000000 -0.152932
1 -0.374374 0.039270 -0.241164
1 -0.132633 0.075420 -0.032775
1 0.010472 0.052360 0.105300
1 -0.116937 0.040143 -0.008130
1 -0.057263 0.019199 -0.047262
1 0.160570 -0.148353 0.106653
1 -0.178024 0.017454 0.060168
1 -0.336494 0.035564 0.013377
1 -0.117809 -0.027768 -0.027530
1 -0.176134 0.101229 -0.050105
1 -0.352556 0.098434 -0.127144
1 0.032285 0.063704 0.102254
1 -0.116937 0.073304 -0.122669
1 0.201261 -0.038866 0.032668
1 0.274169 -0.155972 -0.242272
1 0.163788 -0.039746 -0.111683
1 -0.158825 -0.078540 -0.165282
1 -0.470724 -0.244346 0.115394
1 0.120730 0.214441 0.039979
1 -0.168688 0.202458 -0.094426
1 0.237365 -0.006981 0.105984
1 0.277386 -0.116064 0.271535
1 -0.181514 0.019199 -0.025099
1 -0.097738 0.068068 -0.102021
1 0.339833 0.013963 0.121098
1 0.234734 0.017453 0.146842
1 -0.367031 0.009788 -0.060061
1 0.045379 0.000000 0.098949
1 -0.179123 0.005236 -0.229527
1 -0.271776 0.104300 0.196765
1 0.012137 0.062832 0.048959
1 -0.038226 0.057596 0.014597
1 -0.160570 0.040143 -0.197884
1 0.054105 -0.087266 0.000000
1 0.149900 0.020944 -0.116751
1 -0.049472 0.089047 -0.075386
1 -0.174533 0.043633 0.216016
1 -0.078602 0.117430 -0.026247
1 -0.116937 0.062832 0.206536
1 -0.135263 0.041600 0.153776
1 0.041888 0.057596 0.256639
1 0.011345 0.000873 -0.149421
1 0.019781 0.058488 -0.111923
1 0.736529 0.317650 0.336064
1 0.270526 0.013963 -0.205395
1 -0.289232 -0.078540 0.008064
1 -0.333081 -0.026180 -0.186979
1 -0.167552 -0.001745 0.019541
1 -0.115337 -0.013963 0.249358
1 -0.085521 0.097738 -0.127162
1 -0.186750 0.057596 0.037576
1 0.170691 0.157293 0.077210
1 0.071558 0.059341 0.101432
1 -0.320267 -0.013383 0.008648
1 0.125104 0.035802 0.074027
1 -0.293797 0.016290 -0.032444
1 0.141404 -0.037525 0.061915
1 0.024851 0.048869 0.034686
1 -0.034907 -0.045379 -0.005420
1 -0.061966 0.127948 0.165795
1 -0.228638 0.015810 -0.092100
1 -0.152511 -0.057596 -0.071010
1 -0.006981 0.008727 -0.004819
1 0.054105 0.064577 -0.061326
1 -0.171095 0.104720 -0.047773
1 -0.358641 -0.118682 0.037928
1 0.242537 -0.019199 0.090387
1 -0.202458 0.006981 -0.012345
1 -0.181514 0.162297 -0.131796
1 0.191774 0.106465 0.166698
1 -0.031416 -0.010472 0.044138
1 -0.322886 -0.085521 0.127983
1 0.018281 0.204204 0.296172
1 -0.254632 0.059858 0.005051
1 -0.234730 0.039231 -0.152660
1 0.609120 -0.076795 -0.204488
1 -0.267035 0.005236 -0.118671
1 -0.019199 -0.027925 0.015289
1 -0.054105 0.089677 -0.042569
1 -0.016286 0.132645 -0.075613
1 0.267035 -0.073304 -0.159791
1 -0.225147 -0.063705 -0.031073
1 0.202458 0.036652 -0.129219
1 -0.333495 0.000123 -0.219430
1 -0.132645 -0.006981 0.037232
1 0.019036 -0.002464 0.060532
1 0.071470 0.075049 -0.236326
1 -0.022689 -0.031416 0.063848
1 0.129314 -0.010472 0.048013
1 -0.193732 -0.005236 0.009646
1 -0.095993 0.052360 -0.138905
1 -0.000706 0.099484 0.040247
1 -0.113799 -0.038397 -0.098407
1 0.323781 -0.167552 0.264057
1 0.095993 0.203350 0.005882
1 -0.038782 0.199988 0.021736
1 0.310669 -0.029671 0.027562
1 -0.095993 0.240855 0.038899
1 -0.054017 0.012217 0.113183
1 -0.174533 0.012217 -0.136344
1 -0.224344 -0.017453 0.123420
1 -0.267035 -0.130900 -0.071718
1 -0.319821 0.066323 -0.055888
1 -0.396190 0.393520 -0.066348
1 -0.198529 0.111701 -0.321033
1 0.026180 0.038397 0.000000
1 0.021816 0.055850 0.207706
1 -0.027168 0.077045 -0.132932
1 -0.059055 0.002036 -0.036707
1 0.433908 -0.230489 0.120994
1 -0.095993 0.013387 -0.113545
1 0.247837 -0.031416 -0.280838
1 0.009282 0.077497 -0.057408
1 0.006539 0.120215 0.062889
1 -0.026199 0.055850 0.023479
1 -0.015708 0.033161 0.091271
1 0.064751 -0.036652 -0.208528
1 -0.333974 -0.335383 0.024535
1 -0.290729 0.049742 0.032040
1 -0.031416 -0.202458 0.102811
1 -0.160570 -0.087266 -0.157335
1 0.022689 -0.012217 -0.238609
1 0.279523 -0.056364 -0.183111
1 -0.343830 -0.048869 0.227012
1 -0.258309 -0.027925 0.112852
1 -0.024142 0.038397 0.137180
1 0.079068 0.148353 0.056419
1 0.107557 0.033161 0.074413
1 0.276925 0.016546 -0.062419
1 -0.186750 -0.022689 0.000000
1 0.083776 -0.031416 0.093270
1 -0.108964 -0.064577 -0.129249
1 -0.160570 0.101229 -0.238255
1 -0.435758 -0.072744 0.020406
1 -0.074852 -0.458089 -0.074844
1 0.021453 0.008727 -0.070919
1 0.119018 -0.107508 0.081928
1 0.263545 -0.033161 -0.020054
1 -0.202458 0.073304 -0.068675
1 -0.096070 -0.044215 0.015157
1 0.385718 0.031124 0.029158
1 -0.100367 0.020944 -0.122363
1 0.075049 0.383972 0.017611
1 0.078082 0.158825 0.052438
1 -0.075049 0.029671 -0.096089
1 -0.248405 -0.026434 -0.181247
1 0.233280 -0.012217 -0.062742
1 -0.139626 0.204204 -0.044415
1 0.292084 -0.020944 0.034769
1 0.000000 0.015708 0.015295
1 0.095993 0.031416 0.029308
1 -0.117809 0.068941 0.020183
1 -0.058387 0.069813 -0.156371
1 0.202458 -0.008727 -0.141897
1 0.176028 -0.410152 -0.169547
1 0.160570 -0.198968 0.113673
1 0.139626 0.094248 0.064619
1 -0.160570 0.086054 -0.048952
1 -0.132645 0.013963 -0.347117
1 -0.213419 0.024435 -0.037773
1 0.400074 -0.003491 -0.061759
1 -0.075049 0.068068 0.056279
1 -0.159897 -0.045379 -0.070820
1 -0.138063 -0.013508 0.028677
1 -0.138010 0.005236 -0.095067
1 -0.065310 -0.080316 -0.081293
1 -0.075744 0.086393 -0.044350
1 -0.075049 0.022107 -0.069857
1 0.109590 0.026398 0.058077
1 -0.049371 0.036356 -0.033530
1 0.010649 0.051459 0.051383
1 0.267035 -0.162316 0.040382
1 -0.160570 -0.043633 -0.019702
1 -0.080285 0.142073 0.016232
1 -0.104720 0.012217 -0.178985
1 -0.007436 -0.259423 -0.181276
1 -0.246091 -0.036652 -0.088223
1 -0.045379 0.157080 -0.115554
1 0.127409 0.077011 -0.289206
1 0.010472 0.101229 -0.084625
1 -0.050086 0.033365 0.083141
1 -0.157080 0.066556 0.016677
1 -0.115192 0.050614 0.004819
1 -0.583806 -0.089012 0.156948
1 0.256521 -0.013963 -0.081689
1 -0.128281 -0.008838 -0.121842
1 -0.287979 -0.019199 -0.161167
1 0.181467 -0.036652 0.076555
1 -0.060460 0.048869 0.088169
1 -0.310669 -0.026180 0.069476
1 0.175209 -0.033161 -0.056091
1 0.522082 -0.155334 -0.082652
1 0.397313 -0.006573 0.000000
1 -0.128281 0.036879 -0.089909
1 -0.216421 -0.006160 -0.128911
1 -0.091604 0.045379 -0.061885
1 0.104608 0.148353 0.063608
1 0.181514 -0.103387 0.060168
1 0.129392 0.034907 0.005000
1 -0.198968 0.019199 -0.084782
1 -0.042325 0.111701 0.085679
1 -0.181514 -0.055850 -0.055589
1 0.376909 -0.025598 -0.252404
1 0.214822 0.025386 -0.030799
1 0.202349 0.118682 -0.081952
1 -0.373500 -0.059341 -0.068725
1 0.034088 0.090757 -0.059846
1 0.013963 -0.006981 -0.325567
1 -0.075049 0.021739 -0.202585
1 -0.055850 -0.034907 0.229617
1 -0.301873 -0.010472 -0.083637
1 0.127409 0.022285 0.046020
1 -0.095993 0.111701 0.116093
1 0.021595 0.087259 -0.042709
1 0.043126 0.111701 0.005900
1 -0.298640 0.015283 -0.020465
1 -0.572033 -0.243537 0.044556
1 -0.421437 -0.029153 -0.128172
1 0.118814 -0.099484 0.109489
1 -0.116937 -0.010472 -0.175586
1 -0.109477 0.042508 -0.178508
1 0.190384 0.022621 -0.093739
1 -0.075049 0.033161 -0.053680
1 -0.113446 0.031416 0.018347
1 -0.116937 -0.043633 -0.284578
1 0.213213 0.123918 -0.024505
1 -0.160570 0.080285 -0.208206
1 0.062832 0.036652 -0.087687
1 0.081862 0.077620 0.049183
1 -0.075049 0.125664 -0.092549
1 -0.196170 0.101947 -0.077837
1 -0.072425 0.023644 -0.182722
1 0.118123 0.094299 -0.039856
1 -0.507019 0.137008 -0.032390
1 -0.116937 -0.075049 0.021502
1 0.336301 -0.045379 -0.169101
1 -0.084554 0.103596 0.028655
1 0.047545 0.008727 0.004273
1 -0.364240 0.099484 0.093096
1 0.279781 -0.003491 -0.100154
1 -0.005729 -0.009562 0.132941
1 0.647710 0.185005 0.060532
1 0.181514 -0.040143 0.005970
1 0.043502 -0.066323 -0.005814
1 -0.459022 0.023562 -0.119853
1 -0.602714 0.040143 0.153844
1 0.420606 0.045385 -0.118933
1 -0.079186 0.015708 -0.018748
1 0.376991 -0.017453 0.134369
1 -0.502655 0.047124 -0.314812
1 -0.126073 -0.116937 0.078234
1 0.267035 -0.055850 0.126552
1 -0.036652 0.054537 0.014462
1 -0.095993 0.075049 -0.106973
1 -0.067317 0.121106 -0.033057
1 0.037953 0.064577 -0.116262
1 -0.181514 0.425860 -0.156602
1 0.317650 -0.040143 0.066992
1 0.184140 0.083776 0.014244
1 -0.671952 -0.047124 -0.344539
1 0.087728 0.082031 -0.242447
1 -0.026988 -0.155334 -0.149698
1 -0.267035 0.378736 0.233894
1 -0.218137 0.361240 -0.283739
1 -0.104720 -0.005236 0.086174
1 -0.116529 0.146608 -0.036650
1 0.117847 0.223060 0.186487
1 -0.075049 0.039915 0.009288
1 -0.139626 0.102974 -0.140730
1 0.054105 0.198968 -0.031953
1 -0.139626 0.061370 -0.061348
1 -0.049472 0.041037 -0.106305
1 -0.020944 0.020944 0.280838
1 -0.009309 0.092371 0.165822
1 -0.095993 0.251327 0.004695
1 0.310896 0.058149 0.135224
1 0.352557 0.274017 0.111425
1 -0.160570 0.040143 -0.243994
1 -0.314159 -0.069813 -0.165149
1 0.041888 0.047124 -0.033626
1 -0.078739 -0.042760 -0.187463
1 -0.034972 0.080285 -0.140834
1 0.118370 0.024435 0.073397
1 -0.485202 0.008727 -0.348771
1 -0.091452 0.087266 -0.054775
1 -0.141372 0.017453 -0.114877
1 -0.246091 0.000000 -0.040648
1 -0.053233 0.086393 0.037435
1 -0.046157 0.019199 0.013274
1 -0.164125 -0.014691 -0.007782
1 0.034907 0.015708 0.018646
1 0.202458 -0.013963 0.225557
1 -0.024795 0.098134 0.000000
1 0.331613 0.008727 -0.220104
1 -0.188496 0.059341 -0.178140
1 0.008309 0.105593 -0.036156
1 0.033161 -0.015708 -0.123890
1 -0.004359 0.055850 -0.042588
1 -0.066570 -0.062832 -0.007143
1 -0.137049 0.198768 -0.197396
1 0.116143 0.055637 0.105539
1 -0.139626 0.101229 -0.242859
1 0.032406 0.164061 0.205609
1 -0.110477 0.047124 0.042567
1 -0.016504 0.014582 -0.086738
1 -0.018347 0.271716 0.032437
1 0.195447 0.069756 0.054895
1 -0.095993 -0.012217 -0.037366
1 -0.079412 0.022689 -0.022616
1 -0.162109 0.024435 -0.183004
1 -0.075049 0.140499 -0.088863
1 0.084866 0.125764 0.103168
1 -0.469996 -0.053126 -0.065125
1 -0.146580 0.137881 0.041643
1 -0.287979 -0.019199 0.266777
1 0.101174 0.209440 0.122355
1 0.134390 0.015708 -0.081969
1 0.166217 0.040143 -0.011904
1 -0.037635 0.349066 0.035593
1 -0.127409 0.048869 -0.025205
1 -0.358094 0.011345 0.067284
1 -0.012779 0.064796 0.040551
1 0.184282 0.038302 -0.083141
1 -0.079760 0.074612 0.046598
1 -0.226893 0.075049 0.000000
1 -0.015245 0.155334 0.037861
1 -0.116937 -0.020944 -0.107355
1 -0.152000 0.049245 -0.140194
1 -0.181514 0.066054 -0.042688
1 -0.544543 0.287979 -0.175111
1 0.102880 0.087266 0.017855
1 0.054105 0.146608 0.117541
1 -0.041693 0.120428 -0.070697
1 0.124329 0.076956 0.070084
1 -0.150779 -0.107490 0.054491
1 -0.019939 0.210138 0.088863
1 -0.033462 0.371399 -0.190473
1 -0.181514 0.139626 0.046427
1 -0.095993 -0.073304 -0.035129
1 0.064577 0.072467 0.264566
1 -0.023886 0.041571 -0.102978
1 -0.710828 -0.116131 0.063551
1 -0.031416 0.542797 0.075329
1 -0.209295 0.011755 -0.147538
1 -0.021895 0.116937 -0.199496
1 -0.063649 -0.110333 0.025408
1 0.054377 0.047610 -0.075864
1 0.019199 0.000000 -0.010335
1 0.211185 0.064577 0.122835
1 -0.162665 0.080285 -0.022723
1 -0.090757 -0.043633 0.332250
1 0.054017 0.020944 0.193622
1 -0.047004 -0.063406 -0.010582
1 -0.244163 -0.471565 -0.159388
1 -0.333842 -0.004891 -0.146561
1 -0.336655 -0.033161 0.026940
1 -0.090008 0.114657 -0.009732
1 0.039252 0.444478 0.102762
1 0.031416 0.127409 -0.006593
1 -0.075049 0.027925 0.062419
1 -0.090757 0.010472 -0.211586
1 -0.132645 0.071558 0.062419
1 -0.122173 0.012217 -0.282827
1 0.408466 -0.040143 0.058067
1 0.329726 -0.165806 0.090219
1 0.230148 0.024988 0.044880
1 -0.139626 0.008727 0.000000
1 -0.084298 0.104720 0.126372
1 0.076795 0.006981 0.114877
1 -0.109083 -0.004364 -0.039488
1 -0.087385 -0.020944 0.265751
1 -0.012513 0.006981 -0.033470
1 -0.131203 0.010472 -0.329837
1 -0.115904 0.019199 -0.050590
1 0.136136 0.097738 0.035692
1 -0.043725 0.065036 0.121842
1 0.346329 -0.026180 -0.110657
1 -0.031416 -0.090757 0.010929
1 -0.031416 0.017453 0.272570
1 -0.031416 -0.174533 -0.175636
1 0.039220 0.030145 -0.099669
1 -0.127533 0.000000 -0.304893
1 0.000000 0.026180 -0.139555
1 -0.137008 0.009600 0.062424
1 -0.219911 0.132645 0.196031
1 -0.139626 -0.010472 -0.190868
1 -0.165805 -0.001745 -0.023644
1 -0.093795 0.085521 0.062270
1 -0.084161 0.143202 -0.020199
1 0.010472 0.001745 0.044197
1 -0.177977 -0.006981 -0.060272
1 0.132372 0.055850 -0.027707
1 -0.105808 0.068068 0.026310
1 -0.036652 -0.095993 -0.029745
1 -0.389712 0.013076 0.025563
1 0.384896 0.052360 0.061094
1 -0.006790 0.040143 0.040587
1 -0.031416 0.277507 -0.089384
1 0.225147 0.047124 -0.273659
1 0.285683 0.113446 0.064924
1 0.008727 0.066323 0.065042
1 0.287979 0.143524 0.211309
1 -0.071558 0.185005 -0.069453
1 -0.158825 0.029671 -0.165149
1 -0.196030 0.254818 -0.139885
1 0.105085 0.001745 -0.025276
1 -0.075049 0.171042 -0.057459
1 0.531411 0.022889 -0.053137
1 0.053463 0.033161 0.116750
1 0.050485 -0.084175 -0.048742
1 -0.205949 0.031416 -0.267616
1 -0.040512 0.023562 -0.009381
1 -0.392248 -0.032470 -0.186172
1 0.216421 0.275762 0.325940
1 -0.149226 0.028380 0.091112
1 0.144868 -0.091116 0.243945
1 0.286234 -0.003491 -0.234849
1 -0.051101 -0.137881 -0.164206
1 -0.108210 0.054105 -0.015243
1 -0.514591 -0.071558 -0.067753
1 0.284141 0.025284 0.143748
1 -0.354302 -0.055850 0.111628
1 0.042977 0.096795 -0.008113
1 -0.003879 0.062832 0.170281
1 0.073304 -0.162316 0.000000
1 -0.285870 0.239110 -0.031143
1 0.066687 -0.019199 -0.014527
1 0.171569 -0.151844 -0.106216
1 0.015708 -0.066323 0.161903
1 -0.075049 -0.054105 0.021273
1 -0.048921 -0.011465 -0.040226
1 -0.308923 0.293216 -0.189147
1 0.031416 0.393623 -0.191455
1 0.552133 0.146419 0.196318
1 -0.020944 0.160570 -0.056918
1 -0.411898 -0.089012 -0.251690
1 -0.196881 0.247837 -0.030294
1 0.062832 0.000000 0.149812
1 0.175954 0.127409 0.044595
1 -0.202458 0.094248 -0.205763
1 0.000000 -0.010472 -0.063840
1 0.062699 0.078540 -0.030478
1 0.292023 -0.006981 0.091792
1 -0.084409 0.186750 -0.013660
1 0.071558 0.017453 -0.107081
1 -0.030598 -0.032672 -0.285622
1 -0.066323 -0.031416 -0.141051
1 -0.052248 0.006981 -0.012307
1 -0.037279 0.157080 0.067884
1 -0.181514 -0.033161 0.111303
1 -0.293215 0.012217 -0.039634
1 -0.225147 -0.062832 -0.050489
1 -0.234745 0.016374 -0.283448
1 -0.031416 -0.143117 -0.111820
1 0.146608 0.115192 -0.185872
1 -0.564036 0.043633 0.120865
1 -0.032288 -0.000873 -0.254697
1 -0.673697 0.162316 0.107115
1 -0.202458 0.157080 -0.168390
1 0.054105 -0.042317 0.089706
1 -0.022689 0.097738 0.009174
1 0.075049 0.244346 -0.065433
1 -0.404415 -0.043633 0.219823
1 0.188640 0.082031 0.022879
1 -0.195477 -0.055850 0.233389
1 -0.167552 0.010472 0.153708
1 -0.250924 -0.062832 -0.311094
1 0.006981 -0.111701 -0.023805
1 -0.065864 -0.006066 0.005038
1 -0.070304 0.363028 -0.076991
1 0.048869 -0.048869 0.126088
1 -0.160570 -0.013963 -0.150122
1 -0.254986 -0.050614 -0.031151
1 0.225147 0.201762 -0.150430
1 0.169297 -0.066323 0.230717
1 0.010472 0.068068 0.012065
1 0.445507 -0.033161 0.028788
1 -0.377692 -0.017453 -0.029705
1 -0.054105 0.087266 0.015105
1 -0.008727 0.089012 0.014450
1 -0.199878 -0.209440 0.180523
1 -0.083541 -0.632089 -0.213276
1 -0.118682 0.031416 -0.008108
1 -0.427682 -0.368626 -0.087687
1 0.271113 0.146608 0.237977
1 -0.140450 0.093841 -0.060054
1 -0.157080 0.097738 -0.009375
1 -0.045379 0.098682 -0.056513
1 -0.297033 0.086130 -0.132551
1 0.565487 0.043633 -0.017204
1 0.172020 0.178024 0.039752
1 0.015454 0.036652 -0.019702
1 0.031416 0.101229 -0.126568
1 -0.375383 0.409495 0.145258
1 0.338594 -0.017453 -0.143684
1 -0.095993 0.109956 -0.268319
1 0.277508 0.010472 -0.060313
1 -0.491310 0.000000 -0.194002
1 -0.159556 0.090757 -0.049958
1 0.155541 0.022369 -0.302078
1 -0.139866 0.225147 0.054294
1 0.081023 0.006511 -0.015243
1 -0.244346 -0.027925 -0.097926
1 -0.425595 0.032288 -0.192701
1 0.267035 -0.047124 0.213823
1 0.043274 0.043633 -0.014633
1 0.196076 0.155033 0.150984
1 -0.130900 -0.010472 0.017044
1 0.142330 0.038079 0.095107
1 0.223881 0.129154 0.102070
1 -0.073304 0.034907 0.100179
1 -0.138221 0.050614 -0.018714
1 0.176047 0.031416 -0.332149
1 -0.287979 -0.062832 0.255892
1 0.158825 0.057896 -0.084902
1 0.166958 -0.106465 -0.160122
1 0.010472 -0.066323 0.079874
1 -0.139271 -0.031416 -0.179370
1 -0.322886 -0.036652 0.129431
1 -0.481711 -0.075049 -0.065292
1 -0.217232 0.064976 -0.039453
1 -0.069813 0.041888 -0.005587
1 -0.141372 0.006981 -0.079975
1 0.328836 0.000628 0.083986
1 0.116937 0.080285 -0.008356
1 0.390413 0.031416 0.029660
1 0.333143 -0.086493 -0.141897
1 -0.050207 0.063474 0.179674
1 0.160295 0.045379 -0.092756
1 -0.000627 -0.001745 -0.164789
1 -0.373500 0.400076 -0.329006
1 0.063030 0.105593 0.189691
1 -0.523076 -0.041558 -0.112377
1 -0.312414 0.073886 -0.029224
1 0.193732 0.144862 0.205395
1 0.036652 -0.019199 0.114028
1 0.210196 -0.057596 0.030998
1 0.124570 0.219911 0.061059
1 0.053586 0.083776 0.202567
1 -0.001821 -0.047124 -0.038217
1 -0.253072 0.045511 0.037807
1 -0.302123 0.060545 0.046034
1 -0.015491 0.088772 -0.036249
1 0.010472 -0.027925 0.000000
1 -0.031416 0.003491 -0.014084
1 0.148353 0.017453 0.185312
1 -0.086775 0.123918 -0.136893
1 0.013299 0.002307 -0.064536
1 -0.055850 0.058468 -0.011494
1 0.054105 0.193732 0.083561
1 0.007320 0.141932 0.029721
1 -0.070728 -0.005049 -0.010416
1 -0.392699 -0.045379 -0.238998
1 -0.160741 -0.057596 0.105054
1 -0.075049 0.008754 -0.078490
1 0.126405 0.127717 0.127216
1 -0.094435 0.031719 0.162579
1 0.197222 0.006981 -0.006006
1 0.202458 0.148353 0.135680
1 -0.287979 -0.000177 -0.060195
1 0.268781 0.068068 0.232207
1 0.195477 -0.006981 0.271112
1 0.171363 -0.004363 -0.180926
1 0.012612 0.050408 -0.115858
1 0.198968 -0.162316 -0.016590
1 -0.182910 -0.057596 -0.301226
1 -0.254818 -0.019199 -0.142578
1 -0.202458 -0.015708 0.043597
1 0.123596 0.141372 0.106628
1 0.006951 0.024435 0.052458
1 0.216438 0.045186 0.168896
1 -0.020944 -0.012217 -0.030889
1 0.075049 0.039509 0.155054
1 0.202458 0.039994 0.000000
1 0.030676 0.202006 -0.073263
1 0.159365 0.116937 0.095977
1 -0.080912 0.019199 0.009804
1 0.001270 0.143117 -0.015543
1 -0.074693 0.084031 0.177362
1 -0.150032 0.209440 -0.131145
1 0.369093 -0.006981 0.107520
1 -0.033474 0.102358 -0.129917
1 0.225147 -0.082031 -0.183999
1 -0.002659 0.140139 0.191261
1 0.158825 -0.050614 0.000000
1 0.031416 -0.087266 0.115427
1 0.134014 -0.018782 0.000000
1 -0.165806 -0.019199 -0.006289
1 0.181273 0.066323 -0.045686
1 0.050646 0.037539 0.078154
1 -0.160570 0.155841 -0.185348
1 -0.147771 0.010472 0.037255
1 0.649926 0.045979 0.091791
1 -0.075049 -0.061087 -0.039740
1 -0.256137 0.164061 -0.076086
1 -0.321141 0.023562 0.090781
1 -0.087998 0.012217 -0.203879
1 0.176278 0.050614 -0.087081
1 0.116937 0.017453 0.015431
1 -0.305907 0.153589 -0.203440
1 0.081110 0.314159 0.008621
1 -0.130900 0.038397 -0.141897
1 -0.068068 -0.010472 -0.063937
1 -0.045210 0.094248 -0.019176
1 0.182096 0.075166 -0.057766
1 -0.268596 -0.113446 0.232479
1 -0.010472 0.155334 -0.093452
1 0.022259 0.005267 0.097516
1 0.151308 0.137881 0.031240
1 -0.194972 -0.045848 -0.100847
1 -0.045263 0.181416 -0.106997
1 -0.122951 0.015708 -0.184200
1 0.188040 -0.017453 -0.036811
1 -0.045738 0.040143 -0.088169
1 -0.002985 0.069813 -0.043577
1 -0.237365 0.181514 0.148546
1 0.134390 0.195477 0.166102
1 -0.293138 -0.118682 0.037760
1 -0.617524 -0.026180 -0.220104
1 -0.244177 0.073304 -0.150845
1 -0.186150 0.115192 -0.154172
1 -0.202458 -0.029095 -0.102628
1 -0.010472 0.148519 0.068441
1 0.343400 0.298451 -0.172401
1 0.180988 0.038397 0.109375
1 0.272635 -0.094248 -0.122530
1 -0.073964 0.031652 -0.151605
1 -0.075049 0.075049 -0.135123
1 -0.078540 0.080285 -0.167788
1 0.226527 0.405475 0.251614
1 -0.167552 -0.017453 -0.091210
1 -0.008727 0.134390 0.020268
1 -0.010472 0.001746 -0.082193
1 -0.317650 -0.031416 0.254559
1 -0.031416 0.040143 -0.036793
1 -0.216421 0.147864 -0.079043
1 0.230383 0.043633 -0.219011
1 -0.127513 -0.055850 -0.316431
1 0.005417 -0.312775 0.067368
1 -0.160570 0.029671 -0.285527
1 0.051415 0.057596 -0.090943
1 -0.211819 0.071558 -0.250040
1 -0.212930 -0.167552 0.174938
1 -0.233874 0.175892 -0.073522
1 -0.031416 -0.006981 -0.342318
1 -0.623083 -0.263545 -0.104877
1 0.038461 0.048869 0.009523
1 0.052360 0.062832 0.044525
1 0.095462 0.106373 -0.040048
1 -0.139626 0.017453 0.058091
1 0.031416 0.052003 0.072480
1 0.010472 0.016277 -0.172871
1 -0.075049 0.069813 0.054294
1 -0.262672 -0.082837 -0.104209
1 -0.011989 -0.215158 0.192502
1 -0.132645 0.001745 -0.035216
1 0.360675 -0.061087 0.000000
1 0.412567 -0.146608 -0.037279
1 -0.174266 0.107266 -0.148597
1 -0.165363 0.120136 -0.109927
1 -0.325230 0.200713 -0.174882
1 0.088234 0.041888 0.027337
1 -0.192122 -0.006399 -0.301209
1 -0.124677 -0.137881 0.052583
0 -0.194604 0.140499 0.008908
0 -0.010472 0.087266 0.000000
0 0.027154 0.108210 0.008794
0 -0.406980 0.024435 -0.192608
0 -0.104720 0.041888 -0.022218
0 0.357904 0.045379 0.090660
0 -0.759242 -0.036652 0.065728
0 0.181514 0.018166 0.094856
0 0.008727 0.006981 0.083333
0 -0.062832 0.013963 0.137736
0 -0.101823 0.043698 -0.303034
0 0.162785 0.099484 0.130538
0 0.236390 0.204204 0.037020
0 0.116937 0.106795 -0.126741
0 -0.329867 0.003491 -0.280500
0 0.678152 0.012217 0.079145
0 -0.287979 0.427606 -0.163681
0 0.266805 0.078540 0.133567
0 -0.069582 0.343830 -0.038309
0 -0.031416 0.075049 0.022110
0 0.054105 0.080285 -0.028700
0 -0.178024 0.092503 -0.132328
0 0.078534 0.027925 0.104061
0 -0.153988 0.198175 -0.174025
0 -0.137103 0.101229 0.003937
0 0.523599 0.091630 0.247010
0 -0.251327 -0.022689 -0.044089
0 -0.234729 -0.045379 -0.083388
0 -0.085521 0.026180 0.158533
0 0.136542 -0.002869 0.011049
0 0.272271 0.031416 0.098872
0 0.372009 -0.025528 0.295050
0 -0.609120 0.165266 -0.119957
0 0.267035 -0.136464 -0.063937
0 -0.417189 0.029609 -0.049141
0 0.543174 0.083776 0.039714
0 -0.513993 -0.012217 -0.345077
0 -0.133071 0.143117 -0.089652
0 0.012294 -0.092503 -0.212112
0 0.568977 -0.038397 -0.162199
0 -0.062832 -0.057596 0.000000
0 0.490583 0.099484 0.078154
0 -0.043633 0.057596 -0.015772
0 0.046998 0.131243 0.072758
0 0.116937 0.068068 -0.039979
0 -0.449627 0.012217 -0.076124
0 -0.035955 0.006330 0.063048
0 -0.202458 0.057596 -0.216817
0 0.040597 0.077691 -0.187920
0 0.003310 0.033161 -0.006711
0 -0.160570 0.443316 0.023960
0 -0.075049 0.068068 0.128784
0 -0.409687 -0.228354 -0.053657
0 -0.268781 -0.186750 0.270947
0 0.052565 -0.008727 0.017594
0 -0.015825 0.260054 -0.076310
0 0.278036 0.076188 0.159183
0 -0.025127 0.254818 0.037135
0 0.040142 0.019199 0.208056
0 -0.106387 -0.159697 0.007575
0 -0.246418 0.045379 -0.042942
0 -0.232846 -0.029671 -0.164758
0 -0.105764 0.084886 -0.098688
0 -0.099484 0.069813 -0.004376
0 0.523599 0.120428 0.233608
0 -0.612099 -0.090374 0.052621
0 -0.179769 0.232129 -0.204475
0 -0.340524 0.141492 -0.035699
0 -0.235774 0.310669 -0.148720
0 0.165806 -0.019199 0.042610
0 -0.160570 0.068068 0.083141
0 0.414028 0.029671 0.084071
0 -0.230383 -0.012217 -0.096049
0 -0.021774 0.230383 -0.051314
0 0.267062 -0.022690 0.098655
0 0.084211 0.079386 0.000000
0 0.032290 0.038766 0.019303
0 -0.054105 0.157080 -0.036906
0 0.045379 0.013758 0.038198
0 -0.195477 0.036652 0.071163
0 -0.181514 0.080285 -0.318556
0 -0.200713 0.153878 -0.121619
0 -0.062709 -0.109956 0.011461
0 -0.031416 0.118682 -0.067884
0 0.023652 0.390954 -0.066376
0 -0.075049 0.275948 -0.022872
0 -0.008822 0.056458 0.023319
0 -0.044430 0.141372 0.033904
0 0.153488 0.134390 -0.310387
0 -0.006981 0.048433 0.000000
0 -0.066323 -0.036652 0.005525
0 0.340830 -0.060214 0.195763
0 0.160570 -0.102575 0.109525
0 -0.403169 0.415388 -0.093477
0 0.072254 0.046894 0.114627
0 0.392177 -0.052360 0.167605
0 0.369897 -0.151844 0.000000
0 -0.176278 0.006981 -0.093568
0 -0.238681 0.109793 -0.216415
0 0.095411 0.063047 -0.055209
0 -0.116937 0.068068 -0.145628
0 -0.329981 -0.058468 -0.237150
0 -0.124716 -0.322220 0.004587
0 0.013681 0.038397 0.024763
0 -0.415388 -0.251327 -0.250537
0 0.017243 0.033161 -0.039548
0 0.064341 0.569638 0.035383
0 -0.019654 0.080285 -0.075220
0 -0.030325 0.190241 -0.023618
0 0.120845 0.095269 0.126677
0 0.202458 0.010472 -0.030651
0 -0.125602 -0.143117 0.150485
0 -0.049131 0.289725 -0.083141
0 -0.361283 0.034034 -0.251072
0 -0.122173 -0.013963 -0.041992
0 -0.350811 -0.027925 -0.212938
0 -0.343680 0.258308 -0.145925
0 -0.010472 0.314159 -0.007752
0 -0.294572 0.371037 0.097549
0 0.075897 -0.065218 0.083141
0 0.030483 0.215372 0.093172
0 0.094262 0.131735 -0.075235
0 0.267035 -0.017374 -0.199107
0 -0.148353 0.366519 -0.158857
0 0.034907 0.033161 0.023372
0 0.257826 -0.078540 -0.076772
0 -0.057083 0.174533 0.089357
0 -0.091094 0.006981 0.037020
0 -0.068498 0.165587 0.024347
0 0.089721 0.014883 0.110948
0 0.310669 0.082031 0.000000
0 -0.053263 0.057596 -0.249322
0 -0.001745 0.033161 0.222801
0 0.169466 0.055850 0.161048
0 0.057973 0.185005 0.099970
0 0.160570 0.441732 0.108271
0 -0.054105 0.212930 -0.018039
0 0.143090 0.051487 0.047170
0 -0.054105 -0.208544 0.135389
0 -0.212797 0.284489 -0.246536
0 -0.063570 -0.006981 -0.021790
0 -0.224744 0.520108 0.053204
0 -0.134390 0.003491 -0.048111
0 0.176060 0.055850 0.065480
0 0.364856 -0.052811 -0.257648
0 -0.087528 0.104720 0.082007
0 -0.243010 -0.020944 -0.009950
0 0.000000 0.034907 0.046231
0 0.010472 0.031416 -0.012811
0 0.331613 0.000000 0.117716
0 0.673697 -0.247397 -0.136139
0 0.191986 -0.012217 -0.265033
0 0.132645 0.164061 0.068125
0 0.150477 0.195477 -0.069612
0 -0.413409 0.068068 0.106889
0 0.028571 0.224215 -0.136326
0 -0.254715 0.061087 -0.257838
0 0.031416 0.080285 0.119000
0 -0.267035 0.335103 -0.161837
0 0.056103 0.038397 0.311249
0 -0.011037 0.283876 0.044260
0 0.507513 0.092503 -0.039544
0 -0.373500 -0.115192 -0.095614
0 -0.102974 0.017453 -0.010593
0 0.433694 0.204204 -0.041751
0 0.159851 0.015708 0.256663
0 0.054105 0.075049 -0.315215
0 0.226893 -0.015708 0.084764
0 -0.139626 0.052360 -0.042080
0 -0.063885 0.107663 -0.160556
0 0.082212 0.108210 0.025884
0 -0.000202 0.157080 0.021444
0 -0.010472 0.343830 -0.221621
0 0.387463 -0.008727 -0.128323
0 -0.054105 0.053233 -0.064454
0 0.028983 0.253073 -0.095555
0 -0.459022 -0.251331 -0.157329
0 -0.373500 -0.010472 -0.172512
0 -0.214450 0.128429 -0.213638
0 -0.148353 -0.087266 -0.105623
0 -0.407540 0.022748 -0.068762
0 -0.483305 -0.029671 -0.037837
0 -0.302165 -0.212930 0.004987
0 -0.624703 -0.139626 0.101577
0 0.091584 0.015708 -0.021124
0 -0.135774 0.105205 -0.074204
0 0.396190 0.036302 0.175394
0 -0.031416 0.005236 -0.108328
0 -0.060852 0.284292 0.058216
0 -0.366784 -0.055850 -0.015344
0 -0.038047 0.047124 -0.067177
0 0.255557 -0.077673 0.155948
0 -0.073452 0.069813 0.027231
0 0.259881 0.261799 0.072129
0 -0.385718 -0.004111 -0.150493
0 -0.064744 0.147005 0.010204
0 -0.015910 -0.075049 -0.099668
0 -0.143501 0.183260 0.256762
0 -0.512024 -0.071558 0.096486
0 0.287979 -0.013963 -0.063498
0 -0.054105 0.000000 -0.063048
0 0.001494 0.218166 0.008849
0 -0.101495 0.112352 -0.099668
0 -0.331613 -0.343830 0.094455
0 -0.117512 0.080285 0.034352
0 -0.150706 -0.160570 0.180528
0 0.026818 -0.006981 -0.057628
0 0.166204 -0.012217 0.014319
0 -0.364774 -0.052360 -0.146990
0 0.260054 0.097738 0.066411
0 0.232644 -0.006981 -0.080764
0 -0.243537 0.006981 -0.240105
0 0.347061 -0.033161 -0.176709
0 0.451562 -0.216421 0.154319
0 -0.145735 -0.042425 -0.131807
0 0.000937 0.073543 0.048821
0 -0.469892 -0.069813 0.069453
0 -0.031416 0.111701 0.057167
0 0.019810 0.019199 -0.016437
0 -0.021397 0.109989 -0.026899
0 -0.106086 0.240855 -0.253805
0 -0.031416 0.118216 -0.012820
0 0.144862 0.283641 -0.223671
0 -0.242874 0.187643 -0.198413
0 -0.031416 0.043633 -0.016758
0 0.106465 0.061087 -0.119429
0 -0.249728 0.008726 -0.075931
0 0.031416 0.053436 0.000000
0 -0.116937 -0.098720 0.076772
0 0.063745 0.117527 0.003583
0 -0.480960 0.031416 -0.346504
0 0.132645 0.338594 0.191048
0 -0.054105 0.115192 -0.021753
0 0.223270 0.227772 -0.107690
0 -0.152393 -0.022689 -0.251377
0 0.125131 0.015708 -0.022079
0 0.127409 -0.045924 0.104674
0 0.063065 -0.098907 0.036952
0 0.066474 0.027925 0.028720
0 -0.029671 0.158825 -0.082977
0 0.175875 -0.057596 -0.005348
0 0.010472 0.040143 -0.138006
0 0.037623 0.089730 0.071096
0 -0.189954 0.000000 -0.040913
0 0.043867 0.112481 -0.046187
0 -0.116937 0.040143 0.034175
0 0.458111 -0.148353 0.048742
0 -0.225147 -0.043633 -0.217266
0 0.221434 0.108210 0.017491
0 0.571021 -0.071459 -0.159225
0 0.171230 0.081157 -0.026953
0 -0.237365 -0.026180 -0.065736
0 -0.069813 0.017453 -0.235940
0 -0.104335 0.082536 0.032708
0 -0.060404 0.137881 -0.064510
0 -0.001921 0.101229 -0.025175
0 0.077948 0.290187 0.060752
0 -0.075270 0.089012 -0.331829
0 0.205949 -0.026180 0.101942
0 -0.310669 0.075735 0.339407
0 0.089339 0.352557 0.011111
0 0.104720 0.048869 0.011261
0 -0.553590 0.005236 0.168832
0 -0.122727 0.214676 -0.027675
0 -0.256993 0.139354 -0.030707
0 0.095993 -0.017453 0.046121
0 -0.039914 0.037344 0.050927
0 -0.300197 0.012217 0.022263
0 0.319787 -0.120428 -0.079368
0 0.124280 0.137094 -0.003300
0 0.104720 0.061087 0.099970
0 -0.261799 0.420624 -0.043781
0 -0.148925 -0.056292 -0.269733
0 -0.025576 0.521903 -0.072442
0 -0.092493 0.109956 -0.105830
0 -0.034566 0.239191 -0.029470
0 -0.015708 -0.036652 0.097846
0 0.264396 0.069813 0.278300
0 -0.285829 0.073402 -0.181197
0 -0.630064 0.310669 -0.272914
0 0.160570 -0.072004 0.049958
0 0.025938 0.115192 0.042321
0 0.139626 0.040143 -0.040262
0 0.305125 0.181514 0.052266
0 0.031416 0.125232 0.074633
0 0.373500 -0.028985 0.045621
0 0.267035 -0.017453 0.163450
0 -0.078540 0.071558 0.102861
0 0.042012 0.183256 0.028361
0 -0.133188 0.026259 -0.076020
0 0.080285 0.287979 0.258311
0 0.282743 0.174533 0.021736
0 -0.160570 0.075049 0.005618
0 0.059357 -0.012217 0.039225
0 -0.052115 0.026180 -0.086057
0 0.071558 0.010472 0.091623
0 -0.379605 -0.137881 -0.125464
0 -0.504772 0.090214 -0.111401
0 0.523599 -0.129631 0.136460
0 0.092918 0.076065 0.110507
0 0.352557 0.251327 0.092850
0 0.170103 0.141372 -0.006579
0 0.064577 0.012217 -0.009404
0 -0.010472 -0.062832 0.022788
0 0.003107 0.031167 -0.109319
0 0.108689 0.058878 0.034084
0 -0.010613 0.029730 0.022865
0 -0.183260 0.160570 -0.288167
0 0.014646 0.361283 -0.009740
0 -0.024798 -0.027925 0.051182
0 0.073304 0.322886 0.038591
0 -0.623150 -0.043633 -0.080471
0 0.033599 0.216149 0.183225
0 -0.045379 0.038397 0.015463
0 -0.310072 0.046730 -0.032978
0 0.298127 0.181514 0.000000
0 0.072437 0.190241 0.112772
0 -0.010349 0.157952 -0.042011
0 0.015595 -0.066323 -0.107279
0 -0.172045 0.174533 0.043891
0 -0.288852 0.086393 -0.178312
0 0.027178 0.116937 -0.293808
0 0.008433 0.193732 -0.055359
0 -0.349065 0.043633 -0.112727
0 -0.117765 0.234983 0.041246
0 0.095993 0.178024 -0.085899
0 -0.089012 -0.083776 -0.253364
0 -0.035750 0.019928 0.010909
0 0.059226 0.191986 0.083745
0 0.095726 -0.024435 -0.122249
0 0.531643 0.030168 0.038025
0 0.157080 -0.017453 -0.038591
0 -0.054105 -0.102974 0.033579
0 -0.417134 0.045379 0.153129
0 0.064577 0.093515 0.071005
0 -0.026180 0.000000 -0.063795
0 0.130296 0.032288 0.209908
0 0.091486 0.127409 0.280258
0 -0.023601 -0.015708 -0.249151
0 0.010569 0.137947 0.003571
0 -0.005920 0.378736 0.002717
0 -0.379320 -0.040725 -0.189365
0 -0.349066 0.439823 -0.284804
0 -0.150478 -0.095993 -0.086070
0 0.104177 -0.021816 -0.248963
0 -0.014299 -0.011277 -0.033321
0 -0.353430 0.011142 -0.327410
0 -0.070373 0.347321 -0.037732
0 0.214392 0.038397 -0.006451
0 0.218997 -0.157080 -0.102344
0 0.061087 0.015708 -0.038443
0 -0.588913 -0.039251 -0.233060
0 -0.185005 0.000000 -0.127420
0 -0.055782 0.050614 -0.183817
0 -0.181514 0.159648 -0.168535
0 -0.064577 -0.012259 -0.231348
0 0.456622 0.032549 0.000000
0 -0.134097 0.082598 -0.185156
0 -0.090008 0.068068 -0.108942
0 -0.054105 -0.068068 0.345466
0 0.005325 0.120428 0.051470
0 -0.007268 0.378736 -0.008791
0 -0.627695 -0.041482 0.126056
0 0.310669 0.331613 0.105749
0 0.052709 0.100819 -0.004405
0 0.365930 0.044506 0.097117
0 0.442031 -0.146608 -0.182349
0 -0.021922 0.045379 -0.011718
0 0.502655 -0.043633 0.155289
0 -0.561996 -0.101229 0.110345
0 -0.160570 -0.059341 -0.058948
0 -0.382227 -0.055850 0.089416
0 -0.008989 0.326377 -0.040628
0 -0.061757 0.065388 -0.336913
0 0.350811 0.338594 0.097918
0 -0.197041 0.147956 -0.241952
0 -0.055366 0.426604 0.047887
0 -0.417134 -0.218166 -0.034419
0 -0.081478 -0.472981 -0.159428
0 -0.145200 0.064577 -0.106700
0 -0.031416 -0.029671 -0.186531
0 -0.273144 -0.219912 -0.246846
0 -0.205949 -0.024435 -0.041427
0 0.037784 0.026180 0.056081
0 0.060491 0.065935 0.196318
0 0.202458 0.486947 0.029597
0 -0.041888 0.062832 -0.070592
0 -0.160570 0.064577 -0.004367
0 -0.075511 0.170893 -0.056729
0 0.112318 0.003491 0.106636
0 0.225147 -0.006266 -0.254418
0 -0.142098 0.085521 0.037250
0 -0.254818 -0.041888 -0.257324
0 -0.366519 0.065182 -0.228426
0 -0.274017 -0.150098 -0.063074
0 -0.283569 0.003491 -0.127901
0 -0.149000 0.296526 -0.058756
0 -0.042529 -0.108438 0.091919
0 0.166414 0.040877 0.085581
0 0.031230 0.078540 0.000000
0 0.113446 0.000000 0.028769
0 -0.054105 0.158825 -0.104556
0 -0.010681 0.064577 -0.011234
0 0.208849 -0.074179 0.112111
0 -0.027766 0.031743 0.112165
0 0.416141 0.407604 0.214620
0 -0.054105 0.190241 -0.226776
0 0.211609 -0.106465 0.031599
0 0.066955 0.120428 0.029694
0 0.229139 0.010472 -0.161308
0 0.165364 0.089012 0.186912
0 -0.006981 0.001745 -0.065025
0 -0.011170 0.094248 0.087630
0 -0.007887 0.162782 0.078230
0 -0.002324 0.166679 0.184192
0 0.523599 -0.034034 0.079630
0 -0.012511 0.090757 0.053482
0 -0.253096 0.007459 0.022879
0 -0.222049 0.092503 -0.028820
0 0.132073 0.059341 0.196092
0 0.382227 -0.041888 -0.087594
0 -0.174533 -0.041888 0.036906
0 -0.191986 0.013265 -0.193822
0 -0.617847 -0.188496 0.068269
0 -0.019199 0.034907 -0.011363
0 0.057765 0.102974 0.004178
0 -0.397926 0.136991 -0.155056
0 -0.107338 -0.029485 -0.128697
0 0.375972 0.105592 0.008230
0 0.361283 0.111701 -0.015830
0 0.013963 -0.146608 0.005780
0 0.266891 -0.043633 -0.084307
0 0.385392 0.040143 0.066129
0 0.160494 0.006981 0.060143
0 -0.090329 0.104646 -0.036451
0 -0.580784 0.000000 -0.268019
0 -0.039350 0.073304 -0.019453
0 -0.079211 0.184132 0.027393
0 0.031416 0.134390 0.208737
0 -0.053425 0.196853 0.027021
0 -0.021666 -0.071558 0.013100
0 0.543447 -0.090379 0.145462
0 0.057596 0.020944 0.034469
0 -0.047124 0.008727 0.030878
0 -0.104908 0.026463 -0.338597
0 -0.544976 -0.163886 0.130450
0 0.095993 0.050283 -0.027712
0 -0.343830 0.006033 -0.153460
0 0.407057 0.136136 0.105034
0 0.206200 -0.003491 -0.015980
0 0.100888 0.115192 -0.144788
0 0.315768 0.023897 0.083380
0 0.216421 0.008727 0.082038
0 -0.010472 0.226893 0.202884
0 0.089761 -0.027925 0.100994
0 0.000327 -0.097738 -0.153239
0 0.001315 0.120428 0.029842
0 0.225147 -0.019199 0.037483
0 -0.047333 0.090871 0.033095
0 0.173831 0.147766 -0.084811
0 -0.172788 0.109955 0.010309
0 -0.158825 0.031416 -0.154522
0 0.350165 -0.013963 -0.060078
0 -0.331613 0.188496 -0.276168
0 -0.519704 0.218166 -0.119429
0 0.171042 -0.008727 0.063176
0 0.296706 0.000000 0.141897
0 -0.331613 -0.030011 0.056757
0 0.287979 0.038397 0.149865
0 -0.031416 0.182387 0.133800
0 0.155334 -0.010472 -0.169722
0 -0.031416 0.082090 -0.071690
0 0.165806 0.008727 0.019353
0 0.233571 0.045379 0.265439
0 -0.041556 -0.006981 0.018016
0 0.544543 0.549007 0.253344
0 -0.012130 -0.144745 -0.042427
0 0.150072 -0.045379 -0.069433
0 -0.139626 0.122417 0.083142
0 -0.181514 -0.055850 -0.038977
0 -0.061868 0.052360 -0.026373
0 -0.006799 0.096865 0.062237
0 0.303252 0.057596 0.138979
0 0.273128 -0.102974 0.154444
0 -0.282118 -0.005236 -0.105853
0 0.054105 -0.010472 -0.143243
0 0.107147 0.124089 0.126592
0 0.211898 0.136102 0.233855
0 -0.157230 0.055563 -0.070559
0 -0.438078 0.359538 -0.143846
0 0.055668 0.024435 0.046406
0 0.687744 -0.371755 -0.274500
0 -0.652753 -0.158825 0.218975
0 0.267035 -0.034907 -0.094265
0 -0.006404 0.081603 0.041643
0 -0.377107 0.069813 -0.280300
0 -0.056126 0.102974 0.085505
0 -0.202458 0.123225 0.156948
0 0.202458 0.040143 0.079320
0 0.139626 -0.033161 -0.019477
0 0.143739 -0.165806 0.058209
0 -0.252541 -0.017453 -0.101198
0 -0.257677 0.034907 -0.142958
0 0.438078 0.099484 -0.046395
0 -0.050614 0.068068 -0.007519
0 0.044689 0.165326 -0.053557
0 -0.557071 0.146930 0.127308
0 -0.308851 0.204204 -0.147078
0 -0.287979 0.050614 -0.102226
0 0.033161 0.066323 -0.045870
0 -0.386658 0.109706 -0.246161
0 -0.106387 -0.159697 0.007575
0 -0.135688 0.251327 0.039563
0 -0.214676 0.040143 -0.107623
0 0.167848 -0.015708 0.070060
0 0.015373 0.010472 -0.025047
0 -0.169614 -0.022689 -0.030603
0 0.116937 -0.036152 -0.013523
0 -0.046557 0.079174 -0.096021
0 -0.423621 -0.012141 0.063053
0 0.124905 0.038397 -0.030546
0 0.605742 -0.212930 -0.328439
0 -0.054105 0.193732 0.022843
0 -0.156965 0.317650 -0.118180
0 -0.222110 -0.059341 -0.193854
0 -0.017346 0.094248 0.017611
0 -0.116170 0.099484 0.052161
0 -0.047925 0.144862 -0.025311
0 -0.123918 0.026180 -0.034123
0 -0.116937 0.239110 -0.055661
0 -0.242171 0.239110 0.068076
0 0.258866 0.003491 0.123338
0 0.055612 0.230383 0.108258
0 0.010472 -0.111701 -0.004405
0 -0.069813 -0.005236 -0.041643
0 -0.006996 0.314159 -0.013888
0 0.537561 -0.010472 0.314075
0 -0.219911 -0.017453 -0.105526
0 0.405172 0.203067 0.103941
0 -0.031898 0.088139 -0.097134
0 0.102018 0.041888 0.212496
0 -0.352557 -0.223402 -0.082926
0 -0.038176 0.101229 -0.044676
0 -0.021614 0.162316 -0.261714
0 0.312995 0.005236 -0.198486
0 -0.092503 -0.057596 0.022659
0 -0.157080 -0.063057 0.039126
0 -0.283616 -0.032288 -0.100601
0 0.356394 -0.029001 0.157017
0 0.011447 0.139626 -0.053249
0 -0.352557 -0.158825 -0.048506
0 -0.282516 -0.141637 -0.047734
0 -0.369347 -0.420007 0.192628
0 0.656244 -0.087266 -0.089603
0 -0.075049 -0.305433 0.009978
0 0.232970 -0.041888 0.107883
0 -0.086770 -0.106465 -0.089724
0 -0.352557 -0.019199 -0.057586
0 0.052360 -0.024435 0.127270
0 -0.507891 0.301942 -0.157054
0 -0.122081 0.064577 -0.292671
0 0.002093 0.038397 -0.034812
0 0.122453 -0.106465 -0.101146
0 0.016942 -0.342957 0.056488
0 0.040143 0.020214 0.052127
0 -0.251327 0.176278 0.040382
0 0.248626 0.033161 0.111557
0 -0.234542 0.036287 0.050048
0 -0.095993 0.012217 -0.004630
0 -0.240855 0.000000 0.005405
0 0.154384 0.119921 0.024092
0 0.238561 0.368264 0.163404
0 0.125664 -0.005998 0.088421
0 -0.294518 -0.069813 -0.095477
0 -0.116937 0.134390 0.022280
0 -0.318524 -0.227160 -0.063334
0 0.134390 0.024321 0.021269
0 -0.022689 0.017453 -0.011560
0 -0.706651 -0.097738 -0.160343
0 -0.030269 0.110828 -0.071992
0 -0.287979 0.007438 -0.217145
0 0.320576 0.006981 0.027390
0 -0.078646 0.066323 0.318806
0 0.033433 0.243132 -0.095776
0 -0.652455 0.083858 -0.049021
0 0.248695 0.076795 0.095061
0 -0.241834 0.144880 -0.028054
0 -0.506145 -0.062832 -0.298499
0 0.096434 -0.011233 0.079573
0 -0.038214 0.004796 -0.013262
0 -0.738429 -0.146608 0.083141
0 -0.064577 0.036652 0.347506
0 0.356396 0.033161 0.046380
0 -0.020944 0.031416 0.063181
0 0.011140 0.118682 0.000000
0 0.116937 -0.056561 0.086250
0 0.559336 0.041888 0.172861
0 0.005881 0.102290 -0.035699
0 0.047116 0.659734 -0.043451
0 0.169917 -0.033161 -0.032589
0 0.188711 0.059341 0.092388
0 0.083192 0.036652 -0.016948
0 -0.076943 0.080285 0.017635
0 0.029671 0.342085 -0.033067
0 -0.086069 -0.005236 0.156758
0 0.164061 0.047124 0.000000
0 0.380799 0.158825 -0.034378
0 -0.027925 -0.010472 -0.013513
0 0.771436 0.425860 0.184754
0 0.111701 -0.024435 -0.093336
0 -0.146510 -0.048123 -0.057932
0 -0.630064 -0.054105 -0.101216
0 0.010472 0.179769 0.026379
0 -0.242763 0.083776 0.000000
0 0.428850 -0.193732 0.019865
0 -0.263360 -0.034907 -0.125069
0 -0.265290 -0.032353 0.095725
0 -0.085073 0.133772 0.046749
0 -0.246091 0.073304 -0.089647
0 -0.116937 0.019199 -0.206024
0 0.011149 -0.080285 0.098097
0 0.054259 0.097738 -0.025554
0 -0.088466 0.082031 -0.094489
0 -0.108662 0.041205 -0.124355
0 -0.068582 0.034907 0.009584
0 -0.252661 0.205092 -0.196462
0 -0.294466 -0.054105 -0.036196
0 -0.072969 -0.237365 0.065783
0 -0.095993 0.010142 -0.037933
0 -0.013118 0.190241 -0.008528
0 0.467748 0.057596 -0.040324
0 -0.095993 0.308923 0.061610
0 0.013323 0.069813 -0.060201
0 -0.267035 0.013963 0.059999
0 -0.042973 -0.004364 0.047144
0 -0.129154 0.064577 -0.166820
0 0.192388 -0.059341 0.064698
0 0.116937 0.092503 -0.035112
0 -0.443314 -0.052360 -0.030631
0 -0.039569 0.089012 -0.159834
0 -0.430073 -0.023515 -0.193250
0 0.115192 -0.099484 -0.239935
0 -0.182974 -0.092503 -0.028955
0 -0.110057 0.033161 -0.006818
0 0.054105 -0.001745 -0.012635
0 -0.047158 0.173005 -0.020994
0 0.171042 0.050614 -0.054578
0 0.121283 0.054105 0.111603
0 -0.164061 0.146608 0.082211
0 0.015708 0.052360 0.054457
0 0.281199 0.142078 0.038025
0 -0.420624 -0.027925 -0.167310
0 0.096281 0.001745 0.103427
0 -0.404916 -0.015708 -0.013157
0 -0.139626 0.020944 -0.090396
0 0.017453 0.211185 -0.058806
0 -0.429351 0.019199 -0.231383
0 -0.041649 0.185005 -0.058756
0 -0.461823 0.119937 0.146933
0 -0.073304 -0.066323 -0.060612
0 0.010472 0.101229 0.064453
0 -0.010472 0.032381 -0.175763
0 0.032288 0.094251 -0.010918
0 -0.051221 0.052360 -0.010301
0 0.179769 0.052371 0.021444
0 -0.759218 0.174533 -0.303571
0 0.189434 0.272107 0.009554
0 -0.559277 -0.219911 0.153095
0 0.116937 0.000000 0.055670
0 0.015213 0.010144 0.060078
0 0.343830 -0.291470 0.057277
0 -0.097533 0.078666 -0.074261
0 -0.291314 -0.181884 -0.161308
0 0.238377 0.000000 -0.095328
0 -0.343830 -0.085521 -0.096058
0 0.129479 0.066323 0.003378
0 0.507891 -0.026180 0.277404
0 -0.235619 0.127409 0.020054
0 -0.021315 0.108210 0.049141
0 0.158303 0.130900 0.048111
0 0.430062 0.010472 0.135887
0 0.352557 0.520108 0.044292
0 -0.022689 0.027925 0.099923
0 0.242601 -0.045379 -0.065085
0 -0.054636 0.181514 -0.049191
0 -0.529183 0.364773 -0.269708
0 0.345575 -0.036652 0.033321
0 -0.123918 0.134390 -0.154717
0 0.013881 0.174533 -0.053983
0 -0.050370 0.045258 -0.057299
0 0.139784 -0.018879 0.040382
0 0.143244 0.494199 0.125249
0 -0.000621 -0.029671 0.234791
0 -0.134390 0.040143 -0.020336
0 0.396190 0.013596 0.000000
0 0.246116 -0.036423 -0.033804
0 -0.020944 0.041888 -0.088553
0 -0.095993 0.415388 -0.133275
0 -0.563967 0.093375 -0.076155
0 -0.116937 0.040143 -0.124060
0 0.265159 0.040143 0.122461
0 -0.088766 0.136136 -0.095897
0 -0.097738 0.027925 0.007407
0 -0.418879 0.003491 -0.092573
0 -0.193219 0.156707 -0.084216
0 0.075313 0.045379 -0.211093
0 -0.474102 -0.128051 -0.271338
0 -0.331645 -0.076795 -0.157575
0 -0.281931 -0.032485 -0.163969
0 0.042079 0.057596 0.034920
0 -0.139626 0.005236 0.105579
0 0.118682 0.033161 0.067359
0 -0.370010 0.232129 -0.261029
0 -0.017453 0.085521 -0.055499
0 -0.010929 0.013963 -0.020251
0 0.064577 0.075049 0.017855
0 0.014822 0.321141 0.032865
0 0.155379 0.130900 0.129239
0 0.139626 0.390954 0.161967
0 -0.128663 0.096383 0.024619
0 -0.246091 0.167552 -0.116813
0 -0.268781 -0.034907 -0.123456
0 -0.120441 0.029671 0.000000
0 0.689405 0.068068 0.083471
0 -0.153589 -0.031416 -0.038442
0 -0.221657 0.104542 -0.089357
0 -0.310669 0.040143 -0.075804
0 -0.139626 -0.235619 -0.256889
0 -0.056014 0.176278 -0.219697
0 -0.010434 0.067160 -0.103317
0 0.651880 -0.222529 0.139211
0 -0.472824 -0.078540 0.041499
0 -0.172788 -0.068068 -0.028361
0 0.113677 0.066323 -0.021940
0 -0.116937 0.169297 -0.074911
0 -0.031416 0.029671 0.113265
0 -0.073349 0.112708 -0.071976
0 0.295802 -0.242601 0.050696
0 0.129583 -0.012686 0.037956
0 -0.176365 0.180483 0.138785
0 -0.101089 0.221006 0.005797
0 -0.095367 0.127409 -0.009317
0 0.033904 0.281696 -0.028294
0 -0.348370 0.200411 0.024295
0 -0.246092 -0.075049 0.057081
0 0.057596 -0.029671 0.018016
0 -0.136236 0.096816 -0.030223
0 -0.312414 -0.041888 -0.274735
0 -0.113795 -0.082903 -0.105533
0 -0.149215 0.092255 -0.185714
0 -0.225147 -0.033161 -0.014251
0 0.326377 0.003491 0.100824
0 0.164694 0.071558 0.028666
0 0.010472 -0.008727 -0.110065
0 0.331613 -0.043633 0.044481
0 -0.156492 0.050497 -0.192825
0 -0.026180 0.022689 0.154172
0 -0.173441 0.033161 -0.208807
0 -0.075049 -0.019199 -0.147849
0 0.094248 -0.235619 0.067422
0 0.014144 0.197222 0.196318
0 -0.096921 0.096156 0.092500
0 0.452685 -0.305487 0.241921
0 -0.020350 0.275433 -0.041102
0 0.210552 0.050881 -0.029746
0 -0.162316 0.103968 0.016303
0 0.237365 -0.029671 0.045218
0 -0.012217 0.038397 -0.005038
0 0.010472 0.075049 0.076417
0 0.537561 -0.293215 0.047583
0 -0.067357 0.169297 -0.073202
0 -0.073304 0.012217 0.136508
0 -0.010472 0.138976 0.003904
0 0.116600 0.179769 0.018690
0 0.294961 0.116740 0.290216
0 -0.010472 0.204204 -0.054340
0 0.082031 0.032288 -0.036400
0 -0.031416 0.064577 -0.082904
0 0.161561 -0.101229 -0.185864
0 -0.054105 0.130900 0.118891
0 -0.088979 0.190241 -0.115252
0 0.000963 0.330784 -0.168352
0 0.340339 -0.097738 -0.100457
0 0.544543 0.065450 -0.033419
0 -0.078256 0.192938 -0.024208
0 -0.032360 0.029945 -0.161502
0 -0.027872 0.137881 -0.006098
0 -0.122173 0.024435 0.067923
0 0.075001 0.064577 0.000000
0 -0.225147 0.108210 -0.150592
0 -0.197222 -0.050614 0.059491
0 -0.044797 0.094248 0.145105
0 -0.085531 0.045379 0.035150
0 -0.055470 0.052131 -0.006250
0 0.156344 -0.027925 0.239676
0 -0.265290 0.034907 -0.071802
0 0.338007 -0.251327 0.243479
0 0.438764 0.260054 0.260178
0 0.049095 0.122173 0.041295
0 -0.012389 0.080285 0.156291
0 -0.225147 0.076795 -0.119557
0 0.181514 0.029671 -0.031309
0 -0.247399 0.052360 -0.297700
0 -0.230383 -0.019395 -0.129147
0 -0.033161 0.261799 0.025737
0 -0.160570 0.000000 0.012047
0 -0.396190 0.127409 -0.136508
0 -0.253945 0.130900 -0.201934
0 -0.013245 0.087842 -0.064015
0 -0.316736 0.094248 -0.136139
0 0.282811 -0.020107 0.059928
0 0.010472 0.174533 0.109813
0 0.157648 0.403171 0.176195
0 -0.052315 0.069813 0.088525
0 0.505685 -0.084649 -0.129269
0 0.054105 0.064577 0.029801
0 -0.010472 0.052360 -0.019182
0 0.117258 0.009220 -0.105193
0 -0.225147 0.210671 -0.179853
0 -0.021568 0.108709 -0.048018
0 0.084056 0.064811 0.083222
0 0.239143 0.026180 0.010178
0 -0.198968 -0.003491 0.122714
0 0.278874 0.089308 0.087600
0 -0.247837 0.329867 -0.244164
0 -0.138754 0.075922 -0.255306
0 -0.298018 -0.102974 -0.202659
0 -0.101595 0.450295 -0.040226
0 0.293216 -0.091630 0.166188
0 0.005236 -0.040271 0.065125
0 -0.139626 0.055850 -0.090289
0 -0.132316 0.017453 -0.166025
0 0.097908 0.047434 0.031928
0 0.372903 0.080285 0.152896
0 -0.264243 0.150098 -0.246671
0 -0.139626 -0.040143 -0.011695
0 0.396190 0.013963 0.220887
0 0.459022 0.000000 -0.143612
0 -0.073236 0.189368 0.029829
0 -0.026180 0.120428 -0.022723
0 0.060947 0.233874 0.055100
0 0.537839 0.075049 0.071087
0 -0.121902 -0.001806 0.038535
0 0.481711 -0.150098 0.081669
0 -0.120428 0.069813 -0.041014
0 0.221657 -0.020944 0.041315
0 0.054105 0.087266 -0.023644
0 -0.210282 0.005236 -0.117268
0 0.637927 0.033161 -0.006734
0 -0.246091 0.207694 -0.284623
0 -0.624467 0.016749 -0.071120
0 0.052010 0.135050 -0.004228
0 0.137294 -0.073304 -0.193730
0 0.299324 -0.095120 -0.052497
0 0.139626 -0.205333 0.321033
0 0.290060 0.035651 0.128973
0 0.287979 -0.082031 0.307299
0 0.007620 0.246091 -0.111712
0 0.064577 -0.052360 -0.088926
0 0.160570 0.216421 0.197012
0 0.181571 0.089231 0.261971
0 -0.225147 0.003491 -0.305769
0 0.051487 0.061904 -0.099535
0 -0.116937 0.523913 0.000000
0 0.241697 -0.054105 0.082187
0 -0.282688 -0.003491 -0.053791
0 0.101440 0.134390 0.212546
0 -0.453120 0.111759 -0.124830
0 0.481711 -0.031416 -0.021535
0 -0.067118 -0.099484 0.083141
0 0.225147 -0.087266 0.048174
0 -0.175192 -0.123918 -0.115578
0 0.116937 0.035088 0.065168
0 -0.515953 -0.151844 0.029083
0 -0.109846 -0.184016 -0.019640
0 0.027618 0.019623 -0.038556
0 0.164909 0.099484 0.045195
0 -0.076774 -0.098263 -0.005195
0 0.050835 -0.067217 -0.037561
0 0.082031 0.095993 0.072000
0 -0.364430 0.064577 0.018371
0 -0.396190 -0.026180 -0.154802
0 -0.260054 0.174376 -0.134130
0 0.196151 0.263545 0.144961
0 -0.456982 0.001791 0.139321
0 0.099757 0.075922 0.047356
0 -0.066323 0.076739 0.014285
0 0.218119 -0.000421 0.000000
0 -0.031416 0.062832 -0.016392
0 -0.101631 0.075049 -0.034438
0 0.246091 -0.060439 0.060532
0 -0.102974 0.026180 -0.039583
0 -0.028639 0.048869 -0.072255
0 -0.176711 0.118420 -0.143060
0 -0.073547 0.046457 -0.249252
0 0.176278 0.005236 0.011831
0 -0.160570 0.216421 -0.046230
0 -0.040143 0.050614 -0.071700
0 -0.074163 0.017453 0.000000
0 0.200717 0.078540 -0.060836
0 -0.143403 0.087266 -0.073397
0 0.099542 0.146608 0.102685
0 -0.282793 -0.043633 -0.189544
0 -0.076795 -0.005236 -0.147395
0 -0.368264 -0.012217 -0.108661
0 -0.095993 0.530580 0.007794
0 0.523599 0.091630 0.247010
0 0.043633 -0.001745 -0.028211
0 0.058413 0.121800 0.249841
0 -0.127409 -0.052360 0.006757
0 -0.322886 -0.017453 0.179640
0 -0.042170 0.075049 0.050115
0 0.089598 0.016581 -0.105108
0 0.167558 0.024435 -0.203607
0 0.287979 -0.191986 0.069707
0 0.186183 0.102974 0.000000
0 -0.054105 0.130900 0.045131
0 0.007538 0.464363 -0.039827
0 0.054105 0.033808 -0.005222
0 -0.178481 -0.120428 -0.172681
0 -0.048695 0.528835 -0.032053
0 0.103063 -0.034907 -0.067726
0 -0.009541 0.031416 0.020830
0 0.030126 0.104720 -0.026233
0 -0.244346 -0.057596 -0.088287
0 -0.239110 0.059341 -0.035384
0 0.478760 -0.069813 0.054388
0 -0.120428 0.038397 -0.076991
0 -0.122173 0.233874 -0.044170
0 0.010472 -0.111701 0.052100
0 0.094248 -0.097738 0.013440
0 -0.028848 0.027925 -0.223929
0 0.387463 -0.055850 -0.137066
0 0.514872 0.034907 0.078972
0 -0.204204 -0.001745 0.085994
0 0.169297 -0.005717 -0.063551
0 0.256384 0.270526 0.082798
0 0.197746 0.132645 0.027077
0 0.053033 0.067195 -0.101374
0 -0.212589 -0.017453 -0.139245
0 0.307442 0.129208 0.020054
0 -0.270436 0.006981 0.077327
0 -0.105766 0.130027 -0.037435
0 0.246091 0.319395 0.042399
0 -0.167127 0.048869 -0.111458
0 -0.064577 0.136136 0.021736
0 0.274941 0.000000 0.168647
0 -0.227780 -0.040440 -0.111712
0 -0.100043 0.066323 -0.100192
0 0.145885 -0.246091 0.070193
0 -0.647517 -0.155334 0.080471
0 0.022004 0.062832 -0.080904
0 -0.181514 0.013963 0.091487
0 0.202458 -0.040143 0.159552
0 -0.050880 0.043633 -0.342888
0 0.080016 0.065715 0.106122
0 0.053770 0.425860 0.197396
0 -0.057596 0.073304 0.000000
0 0.241530 0.022689 -0.085589
0 0.039859 0.185005 -0.007843
0 -0.077806 0.058706 0.065942
0 0.202458 -0.200411 0.112301
0 0.164174 -0.057596 -0.006309
0 -0.054105 0.127409 0.004963
0 -0.027925 0.017453 0.074977
0 -0.010472 0.080804 -0.058920
0 0.089012 0.024435 0.101246
0 -0.029310 0.366299 -0.014051
0 -0.142011 0.233520 -0.048783
0 0.197471 -0.003491 -0.004167
0 -0.286135 0.099484 0.079273
0 0.076028 0.143117 0.075283
0 -0.134390 0.095993 -0.016712
0 -0.201251 0.010472 0.077385
0 0.728359 -0.047124 0.143394
0 -0.031416 0.319395 -0.063296
0 0.199436 0.169297 0.032247
0 0.064349 0.102974 -0.094618
0 0.022689 -0.015708 -0.030998
0 0.001745 0.101229 -0.160840
0 -0.264506 0.038397 -0.051872
0 -0.310669 0.291470 -0.181061
0 0.077358 0.399680 -0.171571
0 -0.116937 -0.200713 -0.329002
0 -0.165806 -0.062832 -0.046478
0 -0.016176 0.124473 -0.004831
0 0.173233 0.052360 0.055964
0 0.124046 -0.201213 -0.032929
0 -0.325405 0.099484 -0.086091
0 -0.261799 0.000000 -0.065042
0 0.088392 0.041888 0.000000
0 -0.019339 0.193732 0.038779
0 -0.363017 -0.015708 -0.212938
0 0.181514 -0.018403 0.038443
0 -0.068068 0.068068 -0.054491
0 -0.443820 -0.053800 -0.260250
0 0.024435 0.086445 -0.039453
0 -0.035826 0.191986 -0.020845
0 -0.121526 0.087257 -0.065042
0 0.040143 0.493928 0.078410
0 -0.031925 0.043560 -0.020830
0 0.019199 0.038397 -0.105630
0 0.680318 -0.060427 -0.011520
0 -0.150098 0.074177 -0.051946
0 -0.010472 0.055850 0.008733
0 -0.040143 0.038397 -0.175337
0 -0.197646 -0.001745 0.060654
0 0.472972 0.014835 0.179697
0 -0.195477 0.204204 -0.285795
0 0.267035 0.000000 -0.003356
0 0.364774 0.059341 0.096474
0 0.181824 -0.000470 -0.093685
0 -0.181514 0.075049 0.026017
0 -0.082031 0.249582 -0.037447
0 -0.079223 0.198968 -0.128565
0 -0.040145 0.017453 0.018133
0 -0.331613 -0.024435 -0.167227
0 -0.005879 0.075049 -0.032244
0 0.186750 0.062832 0.066384
0 0.584835 -0.160160 0.101432
0 -0.311542 0.217294 -0.046397
0 -0.314773 -0.147480 0.009999
0 0.010472 0.085521 -0.147260
0 -0.004510 0.037525 -0.012698
0 -0.027925 -0.097738 -0.054531
0 0.287979 -0.027925 0.016948
0 -0.083853 0.049124 -0.034148
0 0.210784 0.221657 0.109257
0 0.026615 0.226780 -0.040073
0 0.271192 0.087266 -0.058453
0 0.050476 -0.022689 0.056677
0 0.432842 -0.020944 0.114054
0 0.482291 0.405936 0.027606
0 -0.715585 0.125869 -0.245966
0 0.543000 0.265496 0.281182
0 -0.169297 -0.022689 -0.262459
0 -0.032685 0.140499 -0.028821
0 -0.031416 -0.102974 0.095569
0 -0.395260 -0.015708 -0.083339
0 -0.005236 -0.027925 0.039382
0 -0.055850 0.005236 -0.056191
0 0.033514 0.006109 -0.032771
0 0.780162 -0.027925 -0.060410
0 0.094248 -0.003491 -0.006536
0 0.038397 0.106465 0.092798
0 0.002201 -0.047124 0.098325
0 0.050300 0.024317 0.125755
0 -0.098470 -0.395399 0.256089
0 0.152204 -0.015708 0.181782
0 -0.116937 0.109956 -0.172641
0 -0.104916 0.064577 -0.052814
0 0.068068 0.132645 -0.063074
0 -0.482084 0.048084 0.049874
0 0.021623 0.143117 -0.077800
0 0.568841 -0.017453 0.105034
0 -0.246091 0.017453 -0.197306
0 -0.101283 0.017453 -0.023105
0 0.118171 0.174533 0.011312
0 0.547593 -0.213645 0.047237
0 0.018269 0.073039 -0.022939
0 0.188173 -0.040143 -0.071922
0 -0.006981 0.092503 0.023387
0 0.000540 0.005794 -0.039324
0 -0.262021 -0.040143 -0.045869
0 0.342791 -0.087266 -0.147463
0 0.067444 0.507891 0.005882
0 -0.322886 -0.087266 0.052892
0 0.177155 0.044416 -0.059809
0 -0.092027 0.072431 -0.108925
0 0.013876 0.078540 0.037897
0 -0.625289 -0.253073 -0.112582
0 0.124923 -0.116585 -0.039236
0 0.181514 0.057596 -0.199531
0 0.603884 -0.033161 -0.025968
0 -0.019945 0.717948 0.031502
0 0.034907 0.125348 0.114627
0 0.069491 0.152232 0.015444
0 -0.175019 0.122173 -0.006977
0 -0.004289 0.151844 -0.067753
0 -0.129888 0.123006 0.053760
0 0.260706 -0.040143 0.148396
0 0.291136 -0.020944 0.060857
0 -0.215548 -0.160571 -0.198097
0 0.136661 0.040143 0.106438
0 -0.191625 0.000000 -0.025968
0 0.506857 -0.030252 0.276767
0 0.246091 0.230383 -0.007246
0 0.296706 0.274017 0.047050
0 -0.004039 0.237365 0.165149
0 0.392780 0.008727 -0.019478
0 -0.442690 0.336849 -0.209032
0 0.384468 0.286234 0.046874
0 0.077288 0.085008 -0.088433
0 -0.319395 -0.029671 -0.136756
0 -0.310669 0.052360 -0.015196
0 -0.038112 0.252462 -0.005682
0 -0.352557 -0.040143 -0.101192
0 0.288254 0.048869 -0.051678
0 0.329662 -0.176278 0.069297
0 0.156604 0.076346 -0.065025
0 -0.096487 0.305433 -0.119510
0 0.448550 -0.092503 0.143038
0 -0.045748 0.066333 -0.024871
0 0.360083 -0.033724 0.189988
0 -0.148353 -0.010472 -0.052861
0 0.230736 0.076795 0.025931
0 -0.079661 0.087266 -0.129581
0 0.031416 0.101229 -0.012345
0 0.076424 0.027412 -0.027284
0 0.287979 -0.270526 -0.014450
0 0.160570 0.040143 0.074926
0 0.008388 0.421220 0.015463
0 -0.066639 0.076795 -0.204926
0 -0.180987 0.105956 -0.134355
0 -0.294636 -0.083996 -0.004546
0 0.002069 0.296706 -0.046963
0 -0.095993 0.027925 -0.021548
0 0.396170 0.154462 0.024555
0 -0.122173 0.270526 -0.136894
0 -0.021342 -0.012217 0.012345
0 -0.400118 -0.115192 0.171278
0 0.673697 -0.165806 -0.171086
0 -0.151844 0.178024 0.132969
0 -0.246091 0.095993 -0.245657
0 -0.545757 0.156207 0.024834
0 0.354302 -0.040143 0.114787
0 -0.059733 -0.050614 0.057016
0 -0.373500 0.123918 -0.330369
0 -0.310669 0.073304 -0.073779
0 -0.062112 0.122173 -0.037861
0 -0.053957 -0.006981 -0.007435
0 -0.003923 0.125663 0.057339
0 0.054105 -0.052360 0.015778
0 -0.031416 0.181514 0.202524
0 0.031416 0.118933 -0.134816
0 -0.075049 -0.069813 -0.069333
0 -0.216901 0.083776 -0.068006
0 -0.116937 -0.364774 0.008766
0 0.305350 0.055850 0.148505
0 -0.128608 0.036652 -0.065278
0 -0.003051 0.075649 -0.037797
0 -0.122173 0.038397 -0.086599
0 -0.352557 0.141372 -0.163064
0 -0.026525 0.050614 0.081883
0 -0.139626 -0.000242 -0.293589
0 -0.050459 0.272271 -0.011441
0 0.321141 -0.060419 -0.080185
0 0.335685 -0.059923 -0.219566
0 0.078980 0.115192 0.025961
0 0.079358 0.176278 0.083430
0 0.013287 -0.027343 0.072427
0 -0.018565 0.111828 0.023805
0 -0.001513 0.047627 0.060452
0 -0.008648 0.270526 -0.086738
0 0.123340 -0.018035 0.025131
0 0.033086 -0.006981 0.046932
0 -0.031416 -0.205949 0.020447
0 -0.228143 0.033161 -0.045082
0 0.010472 0.148324 0.025730
0 -0.213159 -0.010717 -0.073758
0 0.009988 0.040898 0.117254
0 0.109956 0.024435 0.028161
0 -0.054105 0.153589 -0.010267
0 -0.136712 -0.146608 -0.093841
0 -0.023449 0.075049 -0.057244
0 -0.016400 0.003491 -0.066358
0 0.022566 0.090977 0.042709
0 -0.366460 -0.068068 -0.103792
0 0.282560 0.225677 -0.036697
0 0.373500 0.065450 0.019526
0 -0.009602 0.010472 -0.049945
0 0.104895 0.246091 -0.151581
0 0.077430 -0.022689 0.097378
0 -0.010472 0.024435 0.029527
0 -0.243094 -0.034496 -0.026061
0 0.246091 0.122173 0.004608
0 -0.225147 0.134390 -0.208940
0 0.297598 0.125664 0.013010
0 0.054105 0.095885 0.022137
0 -0.024763 0.036652 0.029778
0 -0.225447 0.146608 -0.197540
0 -0.357622 -0.036652 -0.025184
0 -0.108120 -0.296706 -0.061719
0 -0.310669 0.202458 -0.335402
0 -0.178024 0.059505 -0.098321
0 -0.528835 -0.021848 0.029621
0 -0.021002 0.175814 -0.033493
0 -0.437568 0.092503 -0.079435
0 -0.139626 0.010472 -0.083485
0 -0.161544 0.120428 -0.172740
0 -0.183260 0.062832 0.009404
0 0.057662 0.089012 0.015479
0 0.208148 -0.058559 -0.206723
0 0.211185 0.115192 -0.050090
0 -0.238262 0.007514 0.193742
0 -0.057596 0.019199 -0.063551
0 0.144862 -0.024435 -0.284016
0 -0.165239 0.012698 -0.005780
0 -0.038398 -0.004363 -0.037773
0 -0.085905 0.040143 -0.002865
0 -0.098033 0.089012 -0.104877
0 -0.050020 0.136136 0.065434
0 0.314198 -0.191929 -0.073475
0 0.005403 0.018326 -0.171733
0 0.087403 0.094248 0.134855
0 0.292343 0.034907 0.131860
0 -0.024788 0.050614 -0.006622
0 -0.329867 -0.073304 -0.179118
0 -0.066952 0.115192 -0.097253
0 -0.052360 -0.045379 0.064526
0 -0.449479 -0.106465 0.041510
0 0.268741 0.125664 0.171175
0 0.123918 0.012217 0.071149
0 -0.031416 0.382227 -0.038517
0 -0.422843 0.018326 0.058389
0 -0.294960 0.026180 -0.071787
0 0.537945 -0.067656 -0.008152
0 0.148353 0.050614 0.040913
0 0.039790 0.100251 0.264553
0 0.195477 -0.235619 0.175365
0 -0.076861 0.066856 -0.080605
0 -0.095367 0.038397 -0.186058
0 0.191986 0.174871 -0.005803
0 -0.034449 0.268456 0.071011
0 -0.151868 -0.003491 -0.191100
0 0.054019 -0.097738 0.035948
0 -0.291470 0.085521 -0.204914
0 0.024848 -0.010472 -0.082684
0 0.657065 0.055850 0.087757
0 -0.481711 0.128663 -0.123152
0 -0.206901 0.089012 -0.110423
0 0.223352 0.017453 0.318493
0 -0.558019 0.507483 -0.279167
0 -0.146608 -0.013963 0.033730
0 -0.004173 0.132645 0.129611
0 -0.139626 0.200713 -0.083903
0 -0.327525 0.171042 -0.169304
0 -0.031416 -0.009037 -0.101301
0 -0.143117 0.026180 -0.199791
0 0.385252 0.005236 0.184098
0 -0.016963 0.218166 0.000000
0 -0.085521 -0.150098 0.028605
0 0.262705 -0.027065 0.068464
0 0.021055 0.068068 0.000000
0 0.275824 -0.047316 -0.069886
0 -0.270079 0.150085 -0.159352
0 -0.490438 -0.106465 -0.346612
0 -0.289725 0.119704 -0.212709
0 -0.031416 -0.019199 -0.093879
0 0.127409 -0.017453 -0.037085
0 0.186496 0.001471 -0.325093
0 -0.051473 0.265290 -0.184462
0 -0.020277 -0.090757 -0.017240
0 0.140443 -0.033161 -0.081019
0 0.000965 0.215986 -0.077295
0 -0.155334 -0.008727 -0.127564
0 -0.204210 0.424042 0.058511
0 0.448549 0.214675 -0.028608
0 0.168544 0.055269 0.038905
0 -0.066725 0.115192 0.128145
0 -0.383597 -0.355175 0.078959
0 -0.303687 -0.116937 -0.108828
0 -0.020944 0.073303 0.048562
0 0.107901 0.040143 0.019998
0 0.202458 0.040143 0.140403
0 -0.459022 -0.247837 0.231566
0 0.069232 0.008727 0.100207
0 0.077920 0.050614 -0.061596
0 0.010472 0.132645 0.059631
0 0.319871 0.015708 -0.042581
0 -0.540907 0.089012 -0.179573
0 -0.046788 0.060917 -0.094407
0 0.003743 -0.012217 0.054491
0 -0.504400 0.082031 0.014209
0 -0.457649 -0.071558 -0.050115
0 0.045873 0.533614 0.159517
0 -0.396046 -0.083776 0.015383
0 0.030944 0.338594 0.140164
0 0.108210 0.038397 0.095563
0 0.010472 0.157080 -0.073637
0 -0.250531 0.136136 0.062032
0 0.189513 0.160570 -0.117261
0 -0.068557 0.010472 0.039144
0 0.061087 0.055850 0.137951
0 0.069540 0.075049 -0.017855
0 0.052360 -0.136136 0.062280
